65

0.526980 0.906680 0.593990 1.210410 0.785060 0.815020 1.549240 0.477460 0.266180 0.440680 0.307470 0.120000 0.382980 0.367630 0.528160 1.139310 0.232370 1.423220 0.251060 0.378010 0.318310 0.161820 0.207030 0.326090 0.197930 0.174380 0.309670 0.261720 0.286590 0.266410 0.211160 0.341740 0.336320 0.256420 0.156830 0.210870 0.327450 0.135780 0.189880 0.296220 0.481530 0.261370 0.577210 0.486010 0.157910 2.027160 0.240750 0.278670 0.235830 0.205310 0.272550 0.326020 0.211550 0.234620 0.354400 0.152880 0.432830 0.152570 0.207590 0.335860 0.228010 0.131870 0.259090 0.189390 0.187680
0.262840 0.414450 0.287840 0.539700 0.363390 0.376340 0.685770 0.237470 0.144760 0.211550 0.163340 0.090000 0.186300 0.191400 0.250940 0.509480 0.118550 0.641740 0.127080 0.173060 0.157210 0.090330 0.108290 0.160720 0.103940 0.093740 0.165330 0.131740 0.142940 0.133860 0.109820 0.156750 0.165310 0.140370 0.095570 0.105430 0.169430 0.090000 0.105480 0.166170 0.226200 0.132130 0.275540 0.226250 0.092970 0.913810 0.127960 0.159400 0.152340 0.107360 0.138450 0.168140 0.125080 0.119550 0.163020 0.093790 0.197740 0.090460 0.107390 0.166120 0.111730 0.090000 0.138720 0.099160 0.096380
0.688520 1.243010 0.781150 1.700520 1.078690 1.120390 2.170670 0.619040 0.320650 0.590000 0.380450 0.092760 0.508760 0.458620 0.716780 1.603290 0.290660 1.962430 0.317730 0.520530 0.422340 0.188500 0.253970 0.426380 0.240790 0.206700 0.374670 0.343630 0.369180 0.339960 0.259960 0.468040 0.441190 0.306520 0.162310 0.278510 0.419400 0.131820 0.230760 0.357760 0.661490 0.345800 0.777890 0.672340 0.195840 2.774910 0.293860 0.322240 0.239180 0.270480 0.339880 0.426280 0.232590 0.293920 0.486350 0.156590 0.599940 0.177040 0.254790 0.444010 0.303330 0.143380 0.333910 0.247400 0.243570
1.278770 2.459220 1.512030 3.397370 2.118930 2.205280 4.371060 1.176310 0.558360 1.107270 0.682210 0.097380 0.938960 0.802660 1.369440 3.196040 0.488330 3.907650 0.546910 0.953720 0.758840 0.284980 0.415500 0.769560 0.390600 0.321080 0.628830 0.598530 0.651980 0.589070 0.427700 0.845840 0.801610 0.529100 0.233690 0.463330 0.720160 0.172760 0.371450 0.601900 1.211770 0.603990 1.459450 1.275240 0.299400 5.640970 0.464260 0.493800 0.326600 0.447940 0.555500 0.777110 0.342910 0.496150 0.887110 0.221880 1.118140 0.264680 0.416410 0.768430 0.512520 0.195520 0.544280 0.401620 0.394010
2.911930 5.745980 3.482420 7.990920 4.925390 5.214960 10.237720 2.707860 1.234650 2.568870 1.568080 0.139500 2.154090 1.810480 3.187030 7.533030 1.113590 9.169630 1.243280 2.247940 1.777170 0.618600 0.932660 1.765550 0.893450 0.721290 1.400730 1.395840 1.492980 1.347760 0.966370 1.992790 1.859500 1.256050 0.504520 1.077900 1.657890 0.318530 0.848960 1.352350 2.846260 1.407400 3.392770 2.996440 0.681500 13.215530 1.037660 1.088000 0.656500 1.039360 1.258290 1.803710 0.715850 1.125650 2.085450 0.437330 2.635510 0.591300 0.936140 1.791860 1.196940 0.401940 1.258160 0.928750 0.910340
0.732940 1.351430 0.847910 1.850110 1.169130 1.215390 2.371750 0.668050 0.337000 0.626940 0.403350 0.090000 0.536790 0.477860 0.767590 1.742230 0.294820 2.137420 0.324850 0.540940 0.434550 0.181470 0.254110 0.445390 0.239480 0.201650 0.384740 0.345840 0.381940 0.349510 0.260750 0.482700 0.461810 0.321310 0.161330 0.272410 0.425450 0.127490 0.226530 0.363120 0.685150 0.347090 0.823210 0.709380 0.180710 3.063840 0.286160 0.312810 0.231130 0.263500 0.337210 0.445290 0.227100 0.298420 0.503020 0.154980 0.629030 0.166610 0.255010 0.444170 0.299950 0.131410 0.321680 0.237900 0.233660
0.987040 1.877750 1.164470 2.584160 1.618930 1.684610 3.324780 0.909100 0.439070 0.849130 0.533270 0.092740 0.721140 0.624890 1.048810 2.431020 0.377590 2.979500 0.420230 0.725400 0.580830 0.216650 0.319780 0.591370 0.299020 0.245310 0.492670 0.454970 0.501270 0.455250 0.329210 0.642740 0.614710 0.416820 0.189660 0.344170 0.549590 0.141620 0.282280 0.465110 0.915950 0.456760 1.113580 0.964560 0.221210 4.305110 0.351120 0.377750 0.263660 0.331840 0.423570 0.592210 0.268850 0.382710 0.671580 0.180650 0.850510 0.197850 0.321050 0.580460 0.383360 0.149190 0.406150 0.296190 0.291260
0.348770 0.569100 0.376370 0.754300 0.496380 0.514000 0.957900 1.620180 0.767610 1.555810 0.938480 0.116460 1.323670 0.451610 0.343380 0.712340 0.218060 0.891480 0.777860 1.375880 1.095310 0.408610 0.595670 1.036690 0.476950 0.387440 0.369310 0.338090 0.363340 0.334690 0.578190 1.225880 1.138470 0.731600 0.329740 0.628480 0.854940 0.200340 0.456560 0.352540 0.650140 0.340220 0.764470 0.720810 0.375480 3.303230 0.563430 0.608990 0.390760 0.548770 0.670270 0.909210 0.229990 0.289550 0.478030 0.155100 0.589380 0.207940 0.309490 0.632050 0.375390 0.205240 0.669650 0.495200 0.486290
0.299930 0.488350 0.332020 0.643060 0.426950 0.442530 0.818750 1.438710 0.677910 1.366580 0.828980 0.103230 1.158740 0.390850 0.291700 0.606720 0.180900 0.759730 0.675810 1.193360 0.945320 0.349360 0.514740 0.904650 0.403590 0.330640 0.318080 0.280890 0.309330 0.284000 0.499290 1.060750 0.989060 0.642210 0.281930 0.532570 0.736270 0.176390 0.383920 0.301200 0.544040 0.282080 0.656290 0.614200 0.308900 2.920330 0.478540 0.513100 0.335120 0.462110 0.573000 0.785380 0.194920 0.244090 0.399560 0.136390 0.498010 0.170440 0.261730 0.530850 0.308810 0.169550 0.561270 0.414740 0.406870
0.369070 0.622940 0.411170 0.828250 0.540820 0.561100 1.057430 1.842990 0.861540 1.760400 1.058250 0.119030 1.493170 0.484750 0.366570 0.780940 0.228500 0.975750 0.864850 1.544790 1.227840 0.439780 0.655120 1.162810 0.518330 0.415420 0.390050 0.362170 0.390850 0.354770 0.635000 1.372120 1.280040 0.820450 0.357730 0.684850 0.942780 0.208830 0.495930 0.377890 0.705110 0.365500 0.841790 0.794220 0.401580 3.748310 0.605210 0.652320 0.413320 0.595760 0.727970 1.018240 0.239170 0.305930 0.515960 0.160390 0.639400 0.218360 0.326420 0.685320 0.398390 0.214770 0.725990 0.533460 0.524110
0.206270 0.281810 0.206610 0.356230 0.252140 0.259670 0.441130 0.737980 0.373750 0.704750 0.446750 0.095570 0.605570 0.250200 0.186780 0.338670 0.133240 0.428110 0.372390 0.622150 0.502290 0.214650 0.294560 0.482970 0.239430 0.205610 0.215040 0.180220 0.195310 0.183080 0.287100 0.558070 0.523100 0.356500 0.180480 0.302850 0.416790 0.131410 0.229410 0.206890 0.323570 0.179940 0.378140 0.342300 0.194760 1.445070 0.292240 0.323160 0.238320 0.268790 0.337880 0.423450 0.155530 0.163790 0.238570 0.112080 0.286140 0.128200 0.172300 0.315830 0.194730 0.127770 0.331890 0.245910 0.242110
0.135980 0.141730 0.122880 0.160330 0.131690 0.134240 0.189080 0.308280 0.179490 0.286730 0.204210 0.090000 0.251390 0.150860 0.109550 0.154370 0.093930 0.204520 0.172410 0.250390 0.212680 0.118990 0.146050 0.209870 0.127380 0.115920 0.138960 0.107320 0.112430 0.108290 0.143520 0.228680 0.223450 0.173650 0.114030 0.142250 0.200670 0.097410 0.123470 0.140210 0.165880 0.107850 0.189280 0.155600 0.107130 0.564360 0.158490 0.187470 0.166680 0.130700 0.173950 0.189710 0.121450 0.101760 0.121070 0.090860 0.136580 0.091630 0.104640 0.165660 0.107260 0.093130 0.167160 0.122960 0.121670
0.405130 0.698060 0.457370 0.936340 0.607270 0.630320 1.196110 2.098480 0.970060 2.001360 1.196220 0.117650 1.694080 0.539560 0.407320 0.882630 0.243520 1.094470 0.975200 1.749910 1.383200 0.492580 0.737070 1.315750 0.577210 0.464910 0.431990 0.395820 0.433410 0.395950 0.714220 1.553880 1.446480 0.919930 0.389400 0.773020 1.059790 0.227290 0.548320 0.408440 0.785180 0.397540 0.941540 0.893690 0.442340 4.289090 0.678780 0.722200 0.447340 0.668840 0.818440 1.143720 0.249900 0.336950 0.576360 0.168160 0.721920 0.228890 0.363020 0.761520 0.442220 0.226750 0.810670 0.598830 0.587190
0.285750 0.410400 0.297490 0.522080 0.364120 0.375860 0.654510 0.472850 0.266450 0.439670 0.307820 0.120000 0.383480 1.097890 0.262180 0.494700 0.382350 0.627410 0.251350 0.378540 0.318710 0.161950 0.207240 0.412740 0.350900 0.296840 0.869010 0.833430 0.895840 0.816170 0.269210 0.342220 0.336750 0.256670 0.156930 0.304560 0.622510 0.182200 0.335100 0.830160 1.665650 0.839360 1.975820 1.678430 0.275480 6.585840 0.423380 0.458580 0.333190 0.393850 0.496350 0.645420 0.481550 0.690610 1.222610 0.308870 1.532330 0.327060 0.492290 0.841770 0.602930 0.218510 0.482760 0.357270 0.351190
0.515970 0.918980 0.589420 1.245320 0.797250 0.828140 1.593620 0.469320 0.248270 0.435230 0.292570 0.090000 0.375030 0.345660 0.529130 1.173280 0.213470 1.447120 0.233510 0.371150 0.305660 0.138290 0.186270 0.313990 0.176510 0.151260 0.283480 0.246700 0.271620 0.249980 0.190720 0.332250 0.324970 0.237810 0.130980 0.194560 0.307130 0.109800 0.170430 0.272050 0.473050 0.247850 0.569900 0.486150 0.140360 2.066450 0.212380 0.241170 0.194710 0.190960 0.245110 0.317240 0.179630 0.215870 0.345840 0.126740 0.429970 0.130720 0.186880 0.315920 0.212860 0.112190 0.236780 0.173330 0.170120
0.911090 1.726370 1.073990 2.372460 1.488760 1.549050 3.052400 0.839540 0.408010 0.782010 0.494500 0.090000 0.664510 0.578630 0.965340 2.231860 0.349100 2.737870 0.388260 0.665980 0.531010 0.201380 0.296050 0.545360 0.276970 0.227660 0.457220 0.416590 0.462650 0.420410 0.304700 0.590080 0.566800 0.387580 0.179030 0.317780 0.509090 0.135910 0.262280 0.431670 0.842800 0.419240 1.024820 0.887710 0.205660 3.957340 0.325720 0.351930 0.251390 0.308620 0.391340 0.548200 0.252680 0.353820 0.616560 0.170760 0.780820 0.184480 0.297210 0.532490 0.354110 0.143320 0.375270 0.274690 0.269300
0.533530 0.973820 0.624160 1.320000 0.841610 0.875170 1.698300 0.585730 0.294710 0.537540 0.353030 0.090000 0.458230 0.713630 0.550390 1.241740 0.308900 1.536600 0.275480 0.449150 0.366900 0.155130 0.213930 0.415000 0.265140 0.222200 0.560630 0.528100 0.577700 0.522040 0.243640 0.398780 0.394910 0.280920 0.143030 0.262820 0.481920 0.135270 0.250490 0.535700 1.067400 0.533050 1.288660 1.101800 0.201130 4.612730 0.316810 0.343010 0.247540 0.295720 0.374770 0.516630 0.309980 0.440560 0.781240 0.202860 0.984100 0.214170 0.332390 0.581930 0.401860 0.151640 0.360640 0.266070 0.261240
3.127890 6.114910 3.711200 8.496090 5.263950 5.479880 10.931000 2.871630 1.326320 2.735680 1.636010 0.155220 2.314880 1.937250 3.389630 7.992540 1.190790 9.737140 1.328290 2.386700 1.885360 0.665720 1.000360 1.889150 0.952750 0.758720 1.504010 1.482120 1.593630 1.439890 1.033670 2.117780 1.978170 1.260220 0.531870 1.146910 1.756730 0.354880 0.903160 1.443040 3.023290 1.494120 3.608640 3.181400 0.724400 14.036700 1.112050 1.165400 0.715210 1.105810 1.347210 1.914460 0.777720 1.204530 2.213590 0.481510 2.797550 0.628290 1.004500 1.903380 1.273780 0.435100 1.337850 0.987910 0.968310
0.425760 0.759030 0.495770 1.019590 0.656900 0.682840 1.311790 1.291600 0.609840 1.218110 0.746480 0.094940 1.032480 0.419530 0.431980 0.959140 0.204550 1.193740 0.596020 1.052210 0.832140 0.300740 0.450340 0.809020 0.357770 0.292340 0.335360 0.293810 0.329940 0.300640 0.440390 0.932270 0.878090 0.577550 0.248070 0.461060 0.662170 0.159450 0.336470 0.315830 0.582960 0.293140 0.719640 0.655170 0.262280 3.139720 0.421240 0.448790 0.299540 0.403930 0.509550 0.713780 0.192920 0.254480 0.427420 0.136780 0.541300 0.158020 0.255080 0.502820 0.296420 0.146780 0.489220 0.359670 0.352290
0.457230 0.821760 0.533270 1.107310 0.710840 0.739000 1.424680 2.519480 1.158020 2.402660 1.430880 0.119010 2.031960 0.621460 0.466550 1.041700 0.266440 1.293860 1.160350 2.101290 1.653260 0.570700 0.869430 1.573680 0.673040 0.536920 0.490040 0.451480 0.498420 0.452680 0.841510 1.861750 1.730950 1.097470 0.449070 0.907770 1.251490 0.252160 0.636430 0.461480 0.910430 0.453120 1.107010 1.055200 0.503770 5.162530 0.785980 0.828600 0.501560 0.780480 0.956600 1.362370 0.267580 0.380570 0.667530 0.179910 0.845350 0.248880 0.412430 0.884190 0.503620 0.245940 0.941570 0.694950 0.680730
0.414990 0.737580 0.482950 0.989580 0.638460 0.663610 1.273200 2.257990 1.041280 2.150390 1.285120 0.116950 1.819100 0.561760 0.420140 0.930920 0.241410 1.159480 1.040170 1.877880 1.478110 0.513210 0.780170 1.409560 0.606600 0.483010 0.444300 0.408530 0.448610 0.407730 0.755230 1.663820 1.551680 0.988220 0.410650 0.811240 1.121620 0.231730 0.574750 0.422440 0.814910 0.410420 0.992530 0.943010 0.450210 4.620030 0.705620 0.748610 0.459270 0.697500 0.858090 1.222860 0.245810 0.343300 0.596540 0.167170 0.755460 0.226260 0.371770 0.795770 0.450060 0.224610 0.841430 0.621060 0.608360
0.223630 0.336290 0.241130 0.430390 0.296180 0.306360 0.545140 0.959340 0.467040 0.907950 0.565710 0.093500 0.773900 0.283020 0.207840 0.406660 0.135490 0.517000 0.458730 0.789800 0.627810 0.245500 0.353520 0.608190 0.279000 0.233290 0.235490 0.198970 0.219360 0.202820 0.343440 0.703200 0.662420 0.443720 0.205810 0.358240 0.501680 0.139480 0.263370 0.225890 0.369740 0.198590 0.449420 0.411540 0.212160 1.915060 0.333340 0.361360 0.256400 0.312220 0.395030 0.527720 0.155050 0.176760 0.271360 0.113350 0.335670 0.128660 0.188280 0.362710 0.212100 0.128870 0.380450 0.281280 0.276130
0.155230 0.198180 0.158300 0.236600 0.177030 0.182280 0.295820 0.528940 0.274890 0.492730 0.325800 0.090000 0.423550 0.184750 0.131530 0.224360 0.099560 0.297240 0.260920 0.422090 0.343820 0.150880 0.206620 0.338040 0.168160 0.144580 0.160240 0.129150 0.139070 0.128860 0.201420 0.377380 0.366030 0.262860 0.140080 0.199350 0.288420 0.105850 0.160080 0.162220 0.217120 0.130310 0.265320 0.227100 0.129870 1.023710 0.201040 0.228950 0.187040 0.175730 0.232890 0.297300 0.125960 0.117110 0.158160 0.094990 0.187730 0.097200 0.121350 0.216300 0.128270 0.098130 0.220150 0.160480 0.158960
0.332370 0.553030 0.370680 0.733510 0.482560 0.500450 0.935140 1.479070 0.699070 1.409320 0.855390 0.109480 1.196940 0.477140 0.327350 0.691830 0.211280 0.862960 0.697600 1.233850 0.981950 0.359780 0.530920 1.034720 0.598300 0.482670 0.384180 0.347650 0.381320 0.348960 0.582180 1.096620 1.024760 0.663750 0.293110 0.658770 1.102610 0.234020 0.570510 0.362590 0.683940 0.349160 0.821800 0.800780 0.459990 4.855360 0.705270 0.742070 0.459500 0.696180 0.850900 1.187470 0.226820 0.297970 0.502160 0.154820 0.627930 0.253910 0.408480 0.842000 0.502080 0.240270 0.843670 0.623180 0.611030
0.179240 0.264700 0.199170 0.325610 0.230210 0.238490 0.419000 0.433030 0.226530 0.389860 0.267910 0.090000 0.333620 0.317320 0.159930 0.306300 0.132650 0.405740 0.202850 0.318670 0.268820 0.117390 0.159620 0.493020 0.534430 0.431420 0.257080 0.218820 0.244680 0.223700 0.306510 0.282350 0.286900 0.216750 0.116950 0.385640 0.997320 0.212170 0.505380 0.248000 0.421280 0.219880 0.526120 0.539290 0.398940 4.993240 0.628670 0.649810 0.411530 0.618080 0.763780 1.080120 0.158500 0.190660 0.307440 0.115170 0.387410 0.243860 0.406000 0.813070 0.495110 0.214560 0.745630 0.550340 0.539070
0.128760 0.137220 0.119060 0.148190 0.121150 0.123870 0.181740 0.201500 0.128700 0.178810 0.143300 0.090000 0.158930 0.170690 0.101610 0.137960 0.097350 0.201510 0.115310 0.142360 0.134180 0.090440 0.101340 0.213220 0.226790 0.191500 0.149860 0.120450 0.129090 0.118690 0.148250 0.132760 0.144610 0.125260 0.094020 0.167540 0.400990 0.123640 0.214720 0.153870 0.198300 0.121340 0.239540 0.222370 0.172710 1.809090 0.271040 0.297900 0.223020 0.247880 0.318680 0.418830 0.124260 0.110070 0.142780 0.093530 0.166720 0.126080 0.182540 0.331110 0.204890 0.117650 0.305280 0.224000 0.220030
0.192750 0.225020 0.186680 0.262810 0.204700 0.209850 0.320950 0.263650 0.173050 0.237870 0.191210 0.120000 0.213200 0.549230 0.159950 0.250800 0.217570 0.331470 0.156420 0.199800 0.184760 0.121010 0.137980 0.226040 0.198900 0.175170 0.448750 0.399470 0.438090 0.403120 0.163050 0.183860 0.192680 0.168770 0.124990 0.167330 0.329330 0.136080 0.190780 0.425440 0.775990 0.402090 0.923350 0.770380 0.157240 2.964450 0.241930 0.279820 0.236010 0.206530 0.273960 0.328060 0.278690 0.348010 0.570310 0.191670 0.706250 0.182920 0.260960 0.415220 0.298310 0.140780 0.259890 0.190470 0.187790
0.204190 0.306250 0.221870 0.382540 0.264030 0.273470 0.491720 0.365610 0.196420 0.329480 0.230340 0.090000 0.283390 0.861560 0.186490 0.356440 0.285390 0.473370 0.178390 0.268650 0.228860 0.111410 0.145330 0.302730 0.254890 0.212460 0.673930 0.640030 0.698710 0.633410 0.191770 0.241450 0.246510 0.188420 0.112650 0.213230 0.463620 0.131590 0.241870 0.637960 1.300770 0.644330 1.567540 1.331550 0.191460 5.376280 0.302280 0.329270 0.239760 0.283570 0.359270 0.498730 0.356400 0.530480 0.952940 0.231190 1.206800 0.230500 0.367930 0.632130 0.448010 0.153780 0.345460 0.253210 0.248170
0.456720 0.801300 0.518820 1.080120 0.695690 0.722370 1.381650 0.921970 0.448280 0.868560 0.542280 0.098020 0.739690 2.320750 0.464010 1.017880 0.739680 1.264330 0.439410 0.753900 0.606800 0.237340 0.339220 0.806190 0.684030 0.542780 1.791570 1.797280 1.916850 1.731900 0.490780 0.671380 0.633480 0.426060 0.200240 0.585810 1.249460 0.256820 0.651330 1.734260 3.670810 1.812170 4.370350 3.748760 0.520440 15.054160 0.794910 0.820120 0.518930 0.788740 0.960770 1.364520 0.901660 1.442420 2.690690 0.544660 3.403780 0.639400 0.986960 1.777740 1.263870 0.364790 0.956440 0.705580 0.691750
0.172740 0.240820 0.182350 0.291580 0.208970 0.215590 0.373570 0.330270 0.180650 0.290720 0.210630 0.090000 0.249970 0.627160 0.151920 0.273200 0.219870 0.369150 0.156230 0.230880 0.203020 0.095850 0.125100 0.255900 0.201580 0.171310 0.499090 0.462730 0.506480 0.461900 0.160190 0.204560 0.216870 0.173570 0.101850 0.169870 0.360270 0.115990 0.191830 0.469360 0.929440 0.466060 1.116490 0.943830 0.150560 3.816940 0.240920 0.268250 0.206900 0.217960 0.282010 0.385580 0.282300 0.391640 0.680510 0.186860 0.853800 0.181210 0.280680 0.466210 0.333780 0.127480 0.266740 0.196330 0.192910
0.184370 0.267800 0.199040 0.328780 0.230670 0.238740 0.422660 0.604420 0.303040 0.559570 0.363450 0.090000 0.477470 0.314370 0.164700 0.306020 0.132390 0.411890 0.287460 0.471440 0.382970 0.163580 0.226340 0.463720 0.335640 0.276560 0.254820 0.216640 0.242210 0.221470 0.277250 0.421110 0.410740 0.288780 0.148900 0.312430 0.619900 0.155890 0.319850 0.242440 0.413010 0.216160 0.517940 0.487030 0.255160 3.153090 0.398150 0.424040 0.290960 0.383010 0.477130 0.667980 0.154020 0.188820 0.302400 0.114320 0.382960 0.162900 0.258640 0.502400 0.303690 0.151530 0.465270 0.341670 0.334230
0.539550 0.985810 0.631320 1.336760 0.851920 0.885890 1.719860 3.029050 1.385520 2.894240 1.714900 0.130270 2.446740 0.737800 0.557000 1.257520 0.315420 1.555720 1.394560 2.536650 1.995800 0.682740 1.043340 1.893520 0.804960 0.641950 0.579130 0.537390 0.595470 0.540240 1.009650 2.247490 2.081270 1.309880 0.526910 1.095850 1.504600 0.291990 0.764450 0.542790 1.099050 0.540280 1.330170 1.273830 0.608140 6.219700 0.942630 0.991920 0.584500 0.942210 1.148590 1.637590 0.310590 0.453210 0.805820 0.204760 1.020510 0.292600 0.491660 1.064150 0.607990 0.290680 1.136660 0.838940 0.821770
0.228260 0.363150 0.258540 0.464500 0.315620 0.327410 0.597650 1.091790 0.520630 1.025360 0.635100 0.095330 0.869830 0.295520 0.213780 0.436980 0.137340 0.562570 0.504170 0.881500 0.701280 0.256810 0.382130 0.677590 0.295680 0.242640 0.240390 0.205560 0.228640 0.207290 0.370430 0.781000 0.740490 0.493580 0.217560 0.380790 0.543480 0.140600 0.279230 0.237280 0.391910 0.206380 0.487490 0.443740 0.218790 2.200590 0.347120 0.376140 0.261840 0.328080 0.418700 0.585560 0.157060 0.179250 0.283980 0.113350 0.354590 0.129880 0.190420 0.383570 0.216840 0.131090 0.401480 0.292870 0.287950
0.165380 0.217100 0.168510 0.260480 0.191720 0.197570 0.327190 0.611110 0.306030 0.563690 0.367170 0.090000 0.480570 0.196850 0.142710 0.246810 0.107250 0.332980 0.288220 0.471110 0.385210 0.162530 0.224720 0.380190 0.181820 0.155500 0.169520 0.139400 0.150650 0.138010 0.218900 0.420600 0.413620 0.291580 0.148170 0.219380 0.317830 0.110280 0.174400 0.169810 0.238280 0.140290 0.290290 0.254760 0.143240 1.203350 0.217570 0.245550 0.197290 0.195520 0.252850 0.336070 0.132700 0.126150 0.173670 0.098890 0.205950 0.104270 0.130310 0.235980 0.140140 0.104020 0.243190 0.177100 0.175060
0.157070 0.215990 0.168450 0.256350 0.186020 0.192460 0.329800 0.623660 0.311640 0.573740 0.374160 0.090000 0.488790 0.189290 0.134710 0.238690 0.099830 0.328950 0.289030 0.481530 0.390870 0.154900 0.222370 0.383750 0.176780 0.148360 0.163440 0.129990 0.142580 0.132000 0.217540 0.426640 0.418130 0.296850 0.146060 0.214410 0.314500 0.107290 0.169370 0.166410 0.229670 0.131650 0.285820 0.250340 0.129700 1.229390 0.208030 0.236840 0.188550 0.187110 0.244130 0.337530 0.124530 0.118020 0.161180 0.093260 0.196610 0.094910 0.124190 0.225930 0.129810 0.098130 0.231230 0.167060 0.162530
0.213140 0.330830 0.237690 0.417000 0.285620 0.296170 0.537000 0.714820 0.352330 0.661680 0.424970 0.090000 0.562980 0.341510 0.197220 0.391080 0.144740 0.511910 0.334120 0.559410 0.451020 0.182360 0.257400 0.616530 0.515680 0.413850 0.275600 0.238460 0.266110 0.241930 0.363720 0.495640 0.483020 0.335170 0.161950 0.431850 0.954990 0.205520 0.488230 0.266140 0.462140 0.239810 0.574080 0.571790 0.381470 4.608360 0.602470 0.624000 0.400210 0.591040 0.731670 1.037780 0.170640 0.207060 0.337970 0.122370 0.423850 0.226630 0.375690 0.760880 0.455200 0.204070 0.713010 0.526240 0.515470
0.281800 0.426290 0.305310 0.532690 0.365190 0.378410 0.685210 0.683940 0.349620 0.624950 0.416620 0.120000 0.533890 0.496580 0.258580 0.495940 0.212130 0.660830 0.326290 0.516980 0.428650 0.193590 0.257530 0.789630 0.867910 0.689910 0.399940 0.357070 0.393060 0.354510 0.488930 0.461630 0.462800 0.333780 0.178910 0.626390 1.606070 0.326380 0.823880 0.389370 0.692500 0.360680 0.849320 0.876080 0.648480 8.066720 1.009250 1.034890 0.651420 1.000670 1.227970 1.752170 0.251780 0.305710 0.504150 0.176130 0.627890 0.387430 0.648720 1.322680 0.802450 0.342510 1.210540 0.891000 0.872750
0.120000 0.101950 0.096320 0.100910 0.093460 0.094440 0.112570 0.123740 0.099520 0.113320 0.104380 0.090000 0.106670 0.130160 0.090000 0.095910 0.090000 0.143100 0.094450 0.097350 0.098000 0.090000 0.090000 0.124290 0.128800 0.117060 0.123110 0.095400 0.097900 0.092710 0.102420 0.094660 0.103560 0.098380 0.090000 0.105960 0.203420 0.097840 0.124790 0.127920 0.137010 0.096520 0.152940 0.124680 0.108050 0.677530 0.160200 0.189150 0.167600 0.132460 0.176040 0.192680 0.120000 0.091600 0.100280 0.090000 0.105420 0.095070 0.114080 0.179760 0.118050 0.093460 0.169070 0.124510 0.123210
0.201510 0.309980 0.226820 0.390330 0.269990 0.279920 0.502200 0.507160 0.259630 0.461360 0.309230 0.090000 0.393960 0.368450 0.184400 0.367180 0.148750 0.477620 0.235860 0.381990 0.316280 0.131890 0.183960 0.585030 0.636880 0.511190 0.296250 0.256350 0.287330 0.262200 0.361460 0.338480 0.337910 0.247900 0.128270 0.462290 1.189550 0.242430 0.604290 0.283420 0.503480 0.256270 0.623280 0.646460 0.478220 5.973470 0.747630 0.767000 0.476040 0.740900 0.909610 1.291770 0.176590 0.222590 0.367180 0.125870 0.464410 0.286370 0.480700 0.973280 0.593520 0.251230 0.893820 0.659700 0.646200
0.275270 0.409370 0.298830 0.518610 0.360420 0.372850 0.658650 0.486140 0.266000 0.440340 0.309750 0.120000 0.380900 1.145240 0.252630 0.489650 0.384790 0.630460 0.242650 0.366820 0.312400 0.152140 0.196900 0.411850 0.346450 0.289280 0.895880 0.853850 0.931190 0.841900 0.260050 0.328420 0.331580 0.255670 0.150200 0.288600 0.622500 0.176920 0.328420 0.855780 1.734990 0.861170 2.088290 1.771900 0.260720 7.145250 0.411940 0.446870 0.323140 0.383030 0.489110 0.663580 0.482320 0.707680 1.270700 0.310860 1.603820 0.318310 0.495970 0.850060 0.604120 0.206470 0.469240 0.344320 0.337980
0.520080 0.913680 0.600760 1.218400 0.789160 0.820110 1.568400 1.063120 0.518900 0.989600 0.627980 0.126930 0.841370 2.658490 0.522540 1.146210 0.845740 1.435920 0.496220 0.839900 0.682270 0.268790 0.381370 0.917390 0.770990 0.611750 2.054950 2.042860 2.191180 1.981090 0.548450 0.745860 0.720480 0.493120 0.233690 0.646470 1.420090 0.297200 0.732700 1.973860 4.181010 2.057570 4.986100 4.269130 0.578070 17.181570 0.893070 0.925880 0.593020 0.883680 1.085130 1.551370 1.033350 1.650020 3.065560 0.630740 3.882170 0.713340 1.127120 2.012820 1.431610 0.409140 1.071090 0.786600 0.771270
0.374430 0.656730 0.434630 0.876540 0.568950 0.591220 1.127730 0.767260 0.375740 0.712270 0.454200 0.090000 0.605670 1.914960 0.375560 0.824560 0.606480 1.030440 0.355210 0.604220 0.484510 0.188730 0.272560 0.661180 0.547570 0.441310 1.480770 1.467110 1.577570 1.426410 0.388920 0.535350 0.517020 0.357200 0.168000 0.463910 1.021150 0.215920 0.520060 1.418050 3.007830 1.478340 3.588240 3.069990 0.410550 12.362880 0.643420 0.664330 0.420090 0.633310 0.781860 1.107290 0.745830 1.188260 2.205370 0.456200 2.792840 0.509930 0.812070 1.445010 1.029900 0.292760 0.766150 0.563880 0.552350
0.763250 1.401870 0.894040 1.904650 1.211100 1.259520 2.450510 1.616820 0.766100 1.522550 0.936590 0.134270 1.290910 4.110720 0.790910 1.791750 1.287310 2.213910 0.746290 1.312970 1.046710 0.377840 0.564500 1.411520 1.184890 0.933770 3.167260 3.187970 3.402740 3.074320 0.837890 1.163290 1.100170 0.725810 0.319300 1.008100 2.196110 0.418840 1.123350 3.050750 6.535810 3.212360 7.771770 6.670890 0.888230 26.815741 1.372950 1.404890 0.861500 1.376160 1.673760 2.400550 1.570290 2.556820 4.792110 0.940920 6.068630 1.102370 1.739410 3.139950 2.237930 0.610960 1.660170 1.225330 1.200260
0.658430 1.222790 0.772980 1.668190 1.055710 1.098110 2.146290 1.434780 0.673760 1.356240 0.826270 0.102070 1.149030 3.477710 0.687680 1.569320 1.094360 1.934020 0.661820 1.174540 0.931010 0.332220 0.499200 1.290850 1.116660 0.877650 2.677720 2.709300 2.881330 2.602870 0.765890 1.040660 0.977480 0.637720 0.273230 0.938570 2.073840 0.381350 1.060000 2.591690 5.543110 2.729430 6.585900 5.685940 0.842420 23.570181 1.294160 1.315140 0.791210 1.305130 1.579470 2.270410 1.323950 2.164060 4.063320 0.789990 5.145700 0.980850 1.540700 2.821680 1.989430 0.552770 1.574480 1.162090 1.138310
0.263090 0.434820 0.301970 0.566160 0.378110 0.392510 0.728430 0.708580 0.349540 0.655670 0.421510 0.090000 0.557920 0.507410 0.253210 0.532600 0.194800 0.676210 0.328080 0.554090 0.445230 0.172580 0.251330 0.835060 0.916760 0.727970 0.402680 0.359290 0.403260 0.366800 0.510800 0.490950 0.476620 0.332550 0.159040 0.670530 1.711890 0.324600 0.871940 0.378360 0.725450 0.359970 0.888250 0.937700 0.693660 8.637220 1.070930 1.085490 0.656270 1.074660 1.305830 1.867180 0.225410 0.309350 0.531910 0.155550 0.673620 0.401870 0.683740 1.410460 0.860890 0.350920 1.296450 0.956900 0.937300
4.871970 9.615950 5.787490 13.402710 8.269780 8.610340 17.244070 11.688960 5.251710 11.248490 6.541830 0.344140 9.495740 11.493410 5.317110 12.606680 4.187430 15.333500 5.378250 9.935490 7.825540 2.595780 4.003350 10.695350 9.424290 7.200120 8.817240 9.053340 9.570480 8.637120 6.222660 8.803370 8.154910 5.034930 2.058150 7.939350 17.435369 2.778230 8.962730 8.581930 18.545820 9.123620 21.966129 20.449360 7.126030 69.609917 10.723230 10.819790 6.345270 11.039830 13.136440 19.187290 4.294730 7.171000 13.596890 2.504800 17.214140 8.777720 14.776190 26.915199 19.419069 4.817810 13.318810 9.829960 9.628740
0.382440 0.622980 0.426530 0.817370 0.544120 0.564130 1.043020 0.993390 0.492680 0.930140 0.592750 0.121550 0.794170 0.722210 0.370410 0.770690 0.289190 0.968660 0.474530 0.800600 0.643060 0.258270 0.367840 1.179580 1.304920 1.030660 0.576570 0.525800 0.579070 0.528400 0.728640 0.712750 0.681120 0.469030 0.227730 0.962510 2.417230 0.457970 1.242840 0.544570 1.048890 0.527490 1.263540 1.334260 0.994660 12.160220 1.517600 1.536460 0.941360 1.525340 1.844300 2.645060 0.330030 0.448490 0.769730 0.222890 0.966780 0.578350 0.969150 2.003270 1.227270 0.506330 1.843980 1.360730 1.333490
0.285400 0.399710 0.307080 0.491110 0.353510 0.365240 0.623250 0.739800 0.391160 0.677530 0.461040 0.150000 0.582600 0.457650 0.251770 0.463760 0.203860 0.606270 0.359420 0.568040 0.473210 0.208410 0.284930 0.723070 0.690860 0.565290 0.378610 0.317770 0.351700 0.324180 0.450600 0.506700 0.503670 0.374650 0.206170 0.541690 1.273550 0.297770 0.655540 0.366180 0.591990 0.318290 0.729900 0.727310 0.524220 6.170720 0.818690 0.857750 0.565800 0.792620 0.985380 1.369380 0.247900 0.280830 0.432580 0.182120 0.538380 0.331820 0.526050 1.034790 0.632670 0.300220 0.962360 0.709030 0.695150
1.400600 2.625570 1.633820 3.594550 2.256890 2.347900 4.624440 4.211090 1.935370 4.018560 2.391460 0.222600 3.398820 2.935980 1.475380 3.376030 1.112890 4.165560 1.948370 3.512350 2.785260 0.974980 1.464000 5.152920 5.825040 4.474150 2.272250 2.269700 2.421780 2.185050 3.113160 3.116070 2.918620 1.850160 0.792980 4.252170 10.778700 1.777210 5.538990 2.205550 4.615230 2.287760 5.500380 5.946930 4.399770 54.534988 6.647980 6.664060 3.974890 6.811860 8.137000 11.848840 1.166700 1.826640 3.380750 0.713110 4.269850 2.477690 4.193810 8.949890 5.456980 2.088280 8.221360 6.065350 5.941190
0.214110 0.337180 0.243620 0.429600 0.294140 0.305070 0.552710 0.552160 0.279710 0.504770 0.334320 0.090000 0.430590 0.399480 0.199370 0.404130 0.159460 0.520340 0.256180 0.420460 0.345080 0.138360 0.197950 0.640890 0.699270 0.559620 0.320020 0.279130 0.313230 0.285570 0.394810 0.372530 0.368890 0.266810 0.135140 0.508790 1.306220 0.260770 0.663150 0.304070 0.552190 0.279810 0.681210 0.711530 0.526350 6.568570 0.819870 0.838140 0.517780 0.815460 0.998120 1.420000 0.186280 0.241960 0.403600 0.132490 0.511130 0.312170 0.526050 1.070280 0.653250 0.273520 0.983750 0.726080 0.711210
0.309420 0.473670 0.335590 0.604840 0.413310 0.427890 0.770470 0.748260 0.383870 0.695010 0.456900 0.120000 0.595790 0.554080 0.289050 0.570540 0.233420 0.731730 0.364930 0.592380 0.483810 0.211760 0.287840 0.877060 0.966370 0.768380 0.447800 0.399360 0.439040 0.401820 0.547960 0.528260 0.514450 0.366610 0.191520 0.710540 1.776970 0.358540 0.919540 0.428330 0.781010 0.402200 0.944390 0.981680 0.734010 8.795200 1.126460 1.150800 0.721430 1.120720 1.364880 1.930680 0.272860 0.343770 0.572340 0.188310 0.713670 0.437420 0.723480 1.474300 0.903740 0.385710 1.355790 1.001160 0.981280
0.255020 0.403430 0.279340 0.519820 0.350010 0.362410 0.665980 0.647940 0.322470 0.601290 0.387710 0.090630 0.512640 0.466080 0.242360 0.489000 0.194870 0.628830 0.306880 0.507700 0.412750 0.172870 0.240760 0.759780 0.841460 0.662700 0.375320 0.340820 0.373550 0.340260 0.469110 0.453100 0.440510 0.307060 0.155350 0.611690 1.555170 0.299860 0.797730 0.358190 0.672780 0.343310 0.814710 0.854340 0.634680 7.835380 0.973570 0.989590 0.615450 0.974280 1.186550 1.703090 0.222550 0.290740 0.489120 0.152350 0.613430 0.370790 0.622610 1.285030 0.783350 0.326590 1.179690 0.868230 0.851590
0.171390 0.179040 0.158740 0.197430 0.164500 0.168000 0.236830 0.210910 0.149500 0.186970 0.161820 0.120000 0.170270 0.410890 0.134580 0.189280 0.179680 0.259770 0.136650 0.154730 0.151000 0.120000 0.125020 0.178960 0.160580 0.144490 0.342790 0.293460 0.322670 0.298970 0.136260 0.143920 0.159740 0.146600 0.120000 0.132730 0.255990 0.124440 0.155080 0.326990 0.551650 0.292900 0.657990 0.541430 0.134890 2.038410 0.196180 0.234740 0.213930 0.159460 0.217880 0.249060 0.227530 0.261630 0.405820 0.162130 0.497950 0.149760 0.202630 0.311700 0.221470 0.122750 0.208390 0.149420 0.149930
0.180760 0.250830 0.190050 0.310870 0.222700 0.229840 0.391380 0.296640 0.171180 0.268640 0.196320 0.090000 0.234470 0.679630 0.160720 0.294220 0.237860 0.380920 0.155890 0.223610 0.195090 0.105750 0.129940 0.252260 0.214670 0.181800 0.535730 0.503410 0.550870 0.497610 0.165000 0.201540 0.206470 0.165230 0.104830 0.178650 0.377610 0.119960 0.203430 0.512910 1.015780 0.507520 1.224480 1.036520 0.164120 4.169700 0.256560 0.283660 0.215270 0.232920 0.300920 0.396460 0.299770 0.421170 0.742000 0.196960 0.933850 0.196740 0.300610 0.505300 0.360020 0.134190 0.288220 0.210690 0.207360
0.346430 0.597240 0.397440 0.789600 0.515450 0.535500 1.016840 0.697040 0.344400 0.646010 0.415070 0.090000 0.549940 1.730820 0.343690 0.742690 0.552710 0.936830 0.327350 0.544240 0.439920 0.180800 0.253060 0.598510 0.496950 0.400490 1.339720 1.325180 1.423940 1.287800 0.353830 0.484420 0.472380 0.327700 0.160860 0.420310 0.925330 0.201190 0.472730 1.283700 2.709230 1.334410 3.235010 2.767190 0.377120 11.141580 0.583200 0.605350 0.391170 0.574310 0.707210 1.003530 0.677760 1.073280 1.986440 0.416870 2.515580 0.462620 0.734440 1.305930 0.927650 0.271060 0.695960 0.511200 0.501200
0.121490 0.108930 0.101500 0.110750 0.100940 0.102220 0.126110 0.120600 0.098120 0.110920 0.102630 0.090000 0.104750 0.206490 0.092520 0.107330 0.109170 0.153620 0.093420 0.094670 0.095990 0.090000 0.090000 0.106230 0.099500 0.093610 0.181560 0.148140 0.158840 0.150170 0.091160 0.093560 0.101870 0.097060 0.090000 0.090000 0.149710 0.090000 0.099730 0.175770 0.252680 0.147940 0.294270 0.238470 0.092770 0.786320 0.126210 0.156350 0.152420 0.100770 0.133150 0.134570 0.139370 0.136490 0.186600 0.102740 0.220330 0.095530 0.114890 0.167490 0.119120 0.090000 0.132080 0.096210 0.095600
0.258190 0.425060 0.296140 0.552490 0.369720 0.383750 0.710860 0.505820 0.259020 0.460070 0.308490 0.090000 0.392860 1.229280 0.247810 0.519750 0.391520 0.660610 0.234880 0.380870 0.315410 0.127980 0.182140 0.427860 0.353920 0.289270 0.955580 0.924780 1.005500 0.910230 0.256230 0.337430 0.336970 0.247340 0.128070 0.292440 0.654780 0.158290 0.331810 0.903060 1.895980 0.931880 2.272920 1.935170 0.257650 7.815200 0.416670 0.440920 0.297090 0.399190 0.503930 0.705760 0.492310 0.760110 1.390150 0.309750 1.760470 0.319700 0.522980 0.910860 0.649190 0.195620 0.481560 0.355430 0.348150
0.132670 0.155610 0.129230 0.169320 0.133650 0.137110 0.215910 0.202000 0.123380 0.172730 0.139140 0.090000 0.151250 0.340250 0.106790 0.157990 0.137820 0.234890 0.108680 0.129990 0.124950 0.090000 0.096410 0.168870 0.155020 0.130540 0.274660 0.239110 0.265950 0.240970 0.114640 0.119860 0.137250 0.119670 0.090970 0.115700 0.274260 0.100020 0.149410 0.268630 0.463890 0.241350 0.572610 0.480220 0.115170 2.463430 0.181220 0.210610 0.174080 0.160070 0.212730 0.294080 0.172990 0.207160 0.337140 0.122880 0.421940 0.233060 0.386980 0.609670 0.470110 0.128880 0.201530 0.142720 0.139030
0.261300 0.411390 0.286020 0.535420 0.360750 0.373620 0.680270 0.555890 0.286920 0.518730 0.340830 0.090000 0.445490 0.716060 0.249250 0.505470 0.262620 0.636870 0.273290 0.445110 0.362760 0.156800 0.215830 0.567840 0.561610 0.451980 0.567170 0.534080 0.580660 0.528820 0.353010 0.397780 0.384590 0.274180 0.144200 0.439930 1.028630 0.222390 0.533700 0.539420 1.071390 0.536910 1.280100 1.168640 0.429480 8.059210 0.659490 0.680600 0.437460 0.648930 0.794780 1.108510 0.315150 0.447170 0.786210 0.205850 0.987660 1.149350 1.972160 3.243220 2.561270 0.521630 0.786660 0.581090 0.569800
0.637410 1.151050 0.744120 1.553840 0.995400 1.034890 1.999190 1.651370 0.781520 1.555890 0.955850 0.130240 1.319040 1.838310 0.652600 1.461760 0.637600 1.813500 0.762170 1.342490 1.066850 0.385440 0.576290 1.799370 1.869580 1.460050 1.426740 1.390980 1.506930 1.363660 1.077570 1.189470 1.122050 0.740340 0.321280 1.417510 3.466290 0.618350 1.774860 1.359370 2.851080 1.401300 3.412840 3.249350 1.411270 24.369419 2.157800 2.173430 1.308200 2.186460 2.635750 3.802100 0.730090 1.137910 2.090450 0.455550 2.647300 2.792850 4.834150 8.228040 6.313330 1.335720 2.637670 1.946830 1.906960
0.244870 0.395490 0.277330 0.508490 0.342630 0.355550 0.654310 0.548840 0.278240 0.501580 0.332470 0.090000 0.427890 0.699920 0.232050 0.478350 0.250030 0.614500 0.257470 0.417620 0.343150 0.145240 0.200390 0.550970 0.542160 0.434420 0.550140 0.513410 0.563870 0.511730 0.334860 0.370010 0.368290 0.265420 0.136160 0.412430 1.004520 0.213320 0.513220 0.521440 1.038190 0.515510 1.257520 1.145560 0.403390 8.097860 0.633120 0.654190 0.417310 0.622670 0.769250 1.092190 0.296590 0.429570 0.760800 0.196670 0.963470 1.133960 1.963870 3.222710 2.546670 0.504500 0.753030 0.554430 0.543080
0.267960 0.432730 0.297390 0.559430 0.372940 0.386880 0.719180 0.690470 0.341460 0.642070 0.411410 0.090230 0.547010 0.513630 0.256560 0.523180 0.203360 0.675290 0.325850 0.543420 0.439080 0.181960 0.254850 0.807270 0.889650 0.700950 0.407440 0.371070 0.408930 0.371480 0.496790 0.484430 0.469600 0.324940 0.161650 0.650540 1.649170 0.314880 0.847820 0.388600 0.740420 0.374110 0.903710 0.940390 0.675470 8.494880 1.031070 1.046560 0.646220 1.036550 1.256450 1.805780 0.233080 0.313750 0.541990 0.158430 0.682970 0.442170 0.754600 1.504630 0.954210 0.359190 1.253790 0.922730 0.904540
0.303830 0.462470 0.328870 0.589170 0.403640 0.417840 0.750320 0.730260 0.375830 0.677630 0.446870 0.120000 0.581140 0.541660 0.282920 0.555760 0.228860 0.713890 0.356690 0.576980 0.471000 0.207880 0.281740 0.854710 0.940950 0.749000 0.438270 0.388710 0.428740 0.392490 0.534620 0.514620 0.502120 0.359050 0.188830 0.691930 1.733870 0.351200 0.895380 0.419530 0.760910 0.391910 0.920620 0.955650 0.714740 8.665380 1.097550 1.122330 0.704240 1.090860 1.329460 1.891110 0.268360 0.336090 0.557630 0.185710 0.694960 0.427090 0.705350 1.435190 0.879820 0.376810 1.319790 0.974590 0.955240
0.378770 0.665360 0.439780 0.888590 0.576360 0.598960 1.143250 1.077950 0.514450 1.012020 0.627390 0.091980 0.858580 0.762200 0.380330 0.835920 0.291940 1.044210 0.497830 0.869670 0.690960 0.253780 0.377410 1.293530 1.441730 1.125460 0.597840 0.561310 0.615840 0.558630 0.784610 0.770550 0.730980 0.487760 0.215440 1.052420 2.670990 0.475290 1.369030 0.563560 1.139390 0.564990 1.377010 1.471710 1.088680 13.523220 1.663730 1.670210 1.003570 1.686690 2.032450 2.932890 0.319610 0.468460 0.834860 0.209980 1.057250 0.615270 1.056040 2.213730 1.351180 0.533710 2.034750 1.501850 1.471090
0.220270 0.349470 0.250960 0.446810 0.304720 0.316080 0.574860 0.571870 0.288520 0.523780 0.345300 0.090000 0.446630 0.413090 0.206150 0.420310 0.162040 0.539960 0.265220 0.437290 0.357710 0.142510 0.204670 0.665350 0.724420 0.580820 0.330430 0.289090 0.324570 0.295790 0.409430 0.387450 0.382470 0.275090 0.138150 0.529170 1.357330 0.268820 0.688110 0.311250 0.572510 0.288980 0.707310 0.740020 0.547410 6.829140 0.851480 0.869300 0.533690 0.848110 1.036880 1.473570 0.190530 0.250470 0.419780 0.135410 0.531600 0.323480 0.545910 1.113130 0.679400 0.283260 1.023160 0.755170 0.739710

0.000000 19.077342 22.974422 21.550012 19.592334 17.620824 22.618818 27.492691 32.938141 37.611988 43.841270 47.089973 50.973813 29.999141 29.319084 32.088359 32.010715 30.536918 32.898781 33.519367 36.394980 36.770699 40.321434 42.060730 43.295930 52.364645 33.860762 35.797184 37.031109 37.984137 40.644523 40.247707 42.797777 43.885906 43.591383 45.372703 48.148789 51.725809 53.373668 42.329383 41.439141 41.775602 44.710199 45.766367 44.956250 47.894301 46.661437 46.165250 47.928852 48.178043 50.630574 55.479016 47.996230 47.615074 46.902375 48.366379 48.695227 51.096914 49.753367 48.972133 52.648598 50.118457 52.933914 51.686820 54.386613
19.077342 0.000000 5.049327 9.983680 12.634961 23.150252 12.963245 19.263064 21.749074 27.113971 35.997004 41.251652 45.978723 11.234789 10.322637 13.732170 14.576431 14.714543 16.858459 18.381178 20.916354 22.437021 25.263680 27.255541 29.677012 39.574660 15.010129 16.726730 18.163424 19.801941 22.866158 23.246941 25.510801 27.227148 27.543451 29.286836 32.689990 36.971492 39.189762 23.478955 22.438615 22.876516 25.752656 26.896445 26.525324 29.325896 28.427168 28.282156 29.830754 30.711338 34.228324 40.100813 31.133312 29.845463 27.976803 29.359652 29.617988 32.136014 31.065672 30.504191 33.957180 31.786398 34.574559 33.798840 36.499273
22.974422 5.049327 0.000000 7.407766 11.257858 23.501756 10.315674 16.040928 17.479971 22.786988 31.986674 37.547930 42.360035 9.847674 6.844490 9.137626 9.598204 9.723679 11.822264 13.416309 15.891867 17.516383 20.244463 22.244268 24.762852 34.682180 13.005508 13.735367 14.131933 15.134242 18.047207 18.258104 20.579934 22.214916 22.497221 24.243766 27.641070 31.935488 34.177906 21.074436 18.661020 18.871402 21.846428 22.829979 22.030523 24.935605 23.821850 23.524826 25.164584 25.841090 29.211443 35.051605 30.601437 28.630766 25.298070 26.430461 26.210529 28.213070 26.779678 26.042076 29.675400 27.242588 30.051828 29.061736 31.769229
21.550012 9.983680 7.407766 0.000000 4.243798 17.086527 3.019955 9.286548 12.569718 17.857979 26.261076 31.326750 36.023297 17.067232 13.186980 13.208190 11.806271 9.324120 11.621089 11.993247 14.873306 15.274053 18.777662 20.548621 22.074674 31.602602 19.834895 19.796447 18.772457 18.060896 20.058932 19.105014 21.740098 22.512354 22.080188 23.855209 26.604221 30.287461 32.089846 27.325547 23.402699 23.194264 26.192594 26.815416 24.994443 28.055775 26.334996 25.461963 27.393436 27.100416 29.130363 33.959094 37.768297 35.525473 31.180852 32.017627 31.195484 32.277830 30.097447 28.911236 32.903293 29.811467 32.588637 30.848469 33.497543
19.592334 12.634961 11.257858 4.243798 0.000000 12.861357 3.243972 8.307472 13.352413 18.189984 25.518938 29.957602 34.458684 21.077730 17.384943 17.395527 15.795529 12.904201 15.045507 14.942298 17.763752 17.573553 21.253191 22.834885 23.766125 32.782602 23.990791 24.036314 22.956459 21.997893 23.742414 22.475426 25.135428 25.589018 24.889125 26.622900 29.011270 32.308865 33.840387 31.564104 27.571133 27.309113 30.292260 30.849939 28.831588 31.897072 30.042029 29.020258 31.008031 30.417437 31.904965 36.190949 41.826742 39.687410 35.422375 36.244750 35.365793 36.295613 33.967887 32.681986 36.731121 33.493113 36.234262 34.284840 36.884582
17.620824 23.150252 23.501756 17.086527 12.861357 0.000000 15.518086 16.119521 22.225252 25.221441 28.733279 30.734461 34.140094 33.281703 30.040592 30.252602 28.527877 25.342000 27.253467 26.623590 29.194625 28.179115 31.855977 33.021402 32.805430 40.111043 36.493082 36.807039 35.809926 34.632195 36.048957 34.379277 37.011512 36.961445 35.851062 37.447105 39.090020 41.484395 42.376066 44.316730 40.413602 40.108293 43.071961 43.555805 41.291926 44.342273 42.306555 41.073309 43.122383 42.063852 42.564734 45.648703 53.946270 52.130117 48.255512 49.103199 48.206090 48.966594 46.443070 45.018492 49.128203 45.686535 48.345992 46.069508 48.550152
22.618818 12.963245 10.315674 3.019955 3.243972 15.518086 0.000000 6.394987 10.504790 15.593122 23.576643 28.467104 33.124145 19.777598 15.623448 14.933840 13.021853 9.873850 11.924601 11.716496 14.526503 14.351325 18.020264 19.624354 20.677434 29.876506 22.327766 21.970818 20.438754 19.118486 20.682314 19.303100 21.963666 22.359240 21.645236 23.379111 25.792617 29.157533 30.755635 29.483824 24.990830 24.622766 27.570822 28.037732 25.846369 28.907459 26.976830 25.892389 27.898633 27.219527 28.661605 33.003266 40.368785 37.960023 33.140598 33.839328 32.766400 33.451496 30.994857 29.646240 33.723832 30.409289 33.130391 31.111123 33.696223
27.492691 19.263064 16.040928 9.286548 8.307472 16.119521 6.394987 0.000000 6.138641 10.138147 17.279850 22.072574 26.742557 24.749443 20.122857 18.097104 15.441527 11.665396 12.799540 11.457536 13.612400 12.181740 15.798380 16.903701 16.852867 25.080490 26.712967 25.649850 23.111391 20.629354 21.188801 19.024270 21.547783 21.120033 19.847992 21.391873 22.977791 25.565105 26.709590 32.920004 27.294594 26.601084 29.330850 29.446736 26.551590 29.493441 27.189494 25.703971 27.784873 26.314854 26.460316 29.669324 44.766781 41.938430 36.043539 36.412910 34.800484 34.596691 31.610926 29.958033 34.098379 30.403500 32.923926 30.370828 32.745771
32.938141 21.749074 17.479971 12.569718 13.352413 22.225252 10.504790 6.138641 0.000000 5.367233 14.583698 20.459545 25.336660 24.423836 19.511053 16.234586 13.215228 9.685223 9.643304 7.588005 8.753752 6.604658 9.958153 10.862582 10.744831 19.430189 25.534770 23.724793 20.328014 16.984729 16.709674 14.121089 16.424260 15.551594 14.059784 15.498002 16.867594 19.452064 20.697699 30.441830 23.950125 23.005369 25.448580 25.285037 21.971572 24.743297 22.260721 20.571955 22.641598 20.781273 20.445645 23.537563 43.094168 39.822707 32.956828 33.017852 30.984691 30.110074 26.829549 25.020119 29.116299 25.265025 27.629521 24.845986 27.096172
37.611988 27.113971 22.786988 17.857979 18.189984 25.221441 15.593122 10.138147 5.367233 0.000000 9.614143 15.830106 20.691031 29.223709 24.300125 20.589139 17.542359 14.391318 13.739766 11.477942 11.407887 8.564872 10.401753 10.281671 8.319290 15.039401 29.957545 27.793035 23.951340 20.079687 18.946957 15.996690 17.762020 16.082335 14.137667 15.099648 15.204918 16.570826 17.191018 34.007609 27.002797 25.865766 27.947645 27.490102 23.796246 26.230457 23.583035 21.645859 23.603098 21.068428 19.255602 20.800482 47.022125 43.501352 36.009387 35.801484 33.406188 31.791838 28.204695 26.222840 30.128391 26.136852 28.152225 24.990479 26.882285
43.841270 35.997004 31.986674 26.261076 25.518938 28.733279 23.576643 17.279850 14.583698 9.614143 0.000000 6.415902 11.173979 38.824398 33.899184 30.190855 27.147443 23.987434 23.334586 21.066291 20.700393 17.820508 18.652396 17.747688 14.376917 14.539146 39.555102 37.312281 33.331309 29.273691 27.686727 24.646578 25.921920 23.700156 21.560766 21.924494 20.461914 19.543395 18.690824 43.282293 36.054297 34.817277 36.613516 35.942785 32.054002 34.111145 31.419350 29.351375 31.100191 28.032252 24.594439 23.386283 56.429246 52.790785 44.955621 44.557629 41.914344 39.687523 35.912738 33.837074 37.406801 33.424758 34.974922 31.541004 32.888641
47.089973 41.251652 37.547930 31.326750 29.957602 30.734461 28.467104 22.072574 20.459545 15.830106 6.415902 0.000000 4.881354 44.868855 39.947980 36.398965 33.349129 30.058500 29.562008 27.305135 27.073783 24.193357 25.058488 24.100650 20.636344 18.934922 45.768133 43.617254 39.697613 35.673348 34.100621 31.059455 32.296441 30.018047 27.869320 28.133813 26.373070 24.837812 23.506523 49.676938 42.468191 41.233148 43.018102 42.328219 38.423180 40.418152 37.728871 35.648461 37.350297 34.196875 30.415746 28.344740 62.794066 59.185187 51.371195 50.964762 48.299500 45.980281 42.181418 40.096043 43.576395 39.618355 41.048039 37.574461 38.759152
50.973813 45.978723 42.360035 36.023297 34.458684 34.140094 33.124145 26.742557 25.336660 20.691031 11.173979 4.881354 0.000000 49.749449 44.828938 41.270773 38.221406 34.939785 34.428871 32.168883 31.874340 28.994352 29.696418 28.629242 25.062762 22.021258 50.640313 48.463547 44.505082 40.437461 38.763180 35.718102 36.841086 34.471781 32.317154 32.455471 30.409244 28.388961 26.730549 54.448594 47.184191 45.924801 47.627898 46.882559 42.946219 44.829051 42.149305 40.055258 41.687035 38.438508 34.333148 31.574414 67.603133 63.956590 56.042371 55.579352 52.847352 50.359145 46.531918 44.437660 47.793078 43.875832 45.159324 41.656160 42.667961
29.999141 11.234789 9.847674 17.067232 21.077730 33.281703 19.777598 24.749443 24.423836 29.223709 38.824398 44.868855 49.749449 0.000000 4.925529 9.142426 11.967709 14.837038 15.748776 17.986453 19.322361 21.879561 23.247172 25.195293 28.547842 38.148348 3.869686 6.531006 9.999666 13.644441 17.051514 18.826180 20.213795 22.706340 23.859193 25.311490 29.120377 33.798148 36.435387 12.331294 13.012937 13.940851 16.349776 17.793588 18.751820 20.988225 20.947568 21.543209 22.523842 24.496078 29.297254 35.978477 20.755176 18.891535 16.910059 18.440541 19.185619 22.468561 22.315596 22.340309 25.072148 23.851250 26.430420 26.609965 29.153750
29.319084 10.322637 6.844490 13.186980 17.384943 30.040592 15.623448 20.122857 19.511053 24.300125 33.899184 39.947980 44.828938 4.925529 0.000000 4.682667 7.198481 9.911749 10.904335 13.116005 14.625152 17.080430 18.704563 20.693125 23.911039 33.645242 6.708113 6.895134 7.879416 10.255497 13.611182 14.851546 16.623051 18.862342 19.755490 21.326205 25.062629 29.675926 32.222525 14.307769 12.126622 12.562188 15.430513 16.585521 16.492559 19.162033 18.524687 18.687873 20.014463 21.412404 25.712707 32.169303 24.788914 22.354451 18.461533 19.588906 19.475287 21.815311 20.822479 20.397939 23.702895 21.762395 24.506662 24.077699 26.737193
32.088359 13.732170 9.137626 13.208190 17.395527 30.252602 14.933840 18.097104 16.234586 20.589139 30.190855 36.398965 41.270773 9.142426 4.682667 0.000000 3.050177 6.653365 6.858544 9.129633 10.193765 12.822433 14.122931 16.089446 19.405977 29.049932 9.369563 7.601698 5.564324 6.070165 9.230780 10.202041 12.103627 14.230451 15.074939 16.657264 20.382695 24.993273 27.544795 14.838170 10.199110 10.086115 13.101286 13.901813 12.893389 15.806240 14.717196 14.564618 16.101365 17.100555 21.137010 27.518773 26.934463 23.886908 18.237414 18.906889 17.988668 19.355727 17.680227 16.904451 20.571389 18.116311 20.921777 20.069971 22.768457
32.010715 14.576431 9.598204 11.806271 15.795529 28.527877 13.021853 15.441527 13.215228 17.542359 27.147443 33.349129 38.221406 11.967709 7.198481 3.050177 0.000000 3.794111 3.828521 6.098378 7.431276 9.912251 11.586787 13.596501 16.725402 26.510967 12.419044 10.529503 7.688376 6.260973 8.633855 8.670535 10.992497 12.661751 13.134456 14.829313 18.397736 22.886473 25.323605 17.534658 12.061703 11.609101 14.548970 15.054929 13.244959 16.292744 14.740665 14.154739 15.940501 16.297116 19.664307 25.715531 29.899420 26.746369 20.620838 21.087395 19.788293 20.501354 18.311420 17.213115 21.140234 18.223266 21.031873 19.681256 22.384732
30.536918 14.714543 9.723679 9.324120 12.904201 25.342000 9.873850 11.665396 9.685223 14.391318 23.987434 30.058500 34.939785 14.837038 9.911749 6.653365 3.794111 0.000000 2.363701 3.705568 6.235941 7.844446 10.560890 12.543567 15.074646 25.001303 15.860560 14.246032 11.446002 9.339545 10.838283 9.794425 12.419409 13.350449 13.203368 14.987121 18.142117 22.295328 24.476350 21.327133 15.696456 15.111401 17.963439 18.292684 15.972842 19.033611 17.137859 16.163482 18.124545 17.788617 20.172619 25.581904 33.587254 30.507350 24.378980 24.784518 23.330242 23.654578 21.122123 19.784590 23.852156 20.591916 23.342609 21.525469 24.173559
32.898781 16.858459 11.822264 11.621089 15.045507 27.253467 11.924601 12.799540 9.643304 13.739766 23.334586 29.562008 34.428871 15.748776 10.904335 6.858544 3.828521 2.363701 0.000000 2.271461 4.087308 6.198635 8.440531 10.453341 13.255664 23.151510 16.220692 14.140807 10.713610 7.829821 8.795911 7.487271 10.132658 10.987521 10.867363 12.648055 15.872783 20.113822 22.373457 20.810492 14.589187 13.820669 16.531783 16.691105 14.066523 17.102002 15.070531 13.975728 15.974421 15.480775 17.816068 23.307287 33.486496 30.179479 23.496354 23.720230 22.005125 21.942850 19.210922 17.767371 21.874955 18.488766 21.205846 19.268582 21.897830
33.519367 18.381178 13.416309 11.993247 14.942298 26.623590 11.716496 11.457536 7.588005 11.477942 21.066291 27.305135 32.168883 17.986453 13.116005 9.129633 6.098378 3.705568 2.271461 0.000000 2.880128 4.149951 6.996629 8.931973 11.369395 21.296066 18.489006 16.354786 12.759618 9.464968 9.732324 7.757770 10.389077 10.647425 10.087356 11.862067 14.740001 18.733311 20.839637 22.879945 16.393412 15.504741 18.069602 18.063523 15.094895 18.050854 15.810366 14.463108 16.525215 15.538557 17.138334 22.163096 35.669598 32.298217 25.381719 25.493145 23.593082 23.147619 20.169684 18.566680 22.707244 19.114932 21.735115 19.487168 22.029455
36.394980 20.916354 15.891867 14.873306 17.763752 29.194625 14.526503 13.612400 8.753752 11.407887 20.700393 27.073783 31.874340 19.322361 14.625152 10.193765 7.431276 6.235941 4.087308 2.880128 0.000000 2.880602 4.355089 6.366042 9.297151 19.131717 19.273975 16.724477 12.631364 8.672771 7.960401 5.444888 7.935747 7.850060 7.207270 8.982296 11.934861 16.063766 18.290174 22.621234 15.617561 14.530774 16.802008 16.557373 13.225250 16.042051 13.632851 12.092429 14.173844 12.870717 14.258408 19.372250 35.728891 32.124969 24.641822 24.527061 22.327637 21.362217 18.143934 16.404205 20.534279 16.794738 19.317395 16.879170 19.361340
36.770699 22.437021 17.516383 15.274053 17.573553 28.179115 14.351325 12.181740 6.604658 8.564872 17.820508 24.193357 28.994352 21.879561 17.080430 12.822433 9.912251 7.844446 6.198635 4.149951 2.880602 0.000000 3.721048 5.292236 7.246627 17.167826 22.034170 19.566748 15.510811 11.525790 10.507433 7.694357 9.857609 8.988429 7.676789 9.278051 11.441604 15.022219 16.944041 25.496504 18.437930 17.310000 19.469723 19.116271 15.594854 18.260287 15.723938 13.985875 16.049235 14.214396 14.475973 18.709184 38.608785 35.001801 27.447387 27.272230 24.968787 23.712187 20.323537 18.469053 22.543738 18.669807 21.025480 18.281164 20.592326
40.321434 25.263680 20.244463 18.777662 21.253191 31.855977 18.020264 15.798380 9.958153 10.401753 18.652396 25.058488 29.696418 23.247172 18.704563 14.122931 11.586787 10.560890 8.440531 6.996629 4.355089 3.721048 0.000000 2.021566 5.400013 14.940694 22.788539 19.925172 15.499868 11.131579 9.072036 6.027754 7.399412 5.770416 4.102960 5.594702 7.827362 11.744223 13.935225 25.001863 17.561998 16.256284 17.961121 17.324086 13.504798 15.839217 13.183466 11.248499 13.226796 10.939602 10.756696 15.203330 38.313891 34.464328 26.348408 25.906309 23.290242 21.412875 17.803305 15.824083 19.762984 15.790564 17.941469 14.979032 17.155314
42.060730 27.255541 22.244268 20.548621 22.834885 33.021402 19.624354 16.903701 10.862582 10.281671 17.747688 24.100650 28.629242 25.195293 20.693125 16.089446 13.596501 12.543567 10.453341 8.931973 6.366042 5.292236 2.021566 0.000000 3.746152 12.960489 24.625453 21.680391 17.189180 12.773122 10.384003 7.407256 8.211874 5.992409 3.913516 4.854300 6.188933 9.813105 11.934594 26.458805 18.929447 17.565795 19.034148 18.253322 14.325708 16.389459 13.698813 11.657791 13.506341 10.796540 9.583516 13.418286 39.797180 35.866164 27.546918 26.979963 24.218994 21.976637 18.249277 16.202682 19.973521 15.967176 17.885326 14.710947 16.668506
43.295930 29.677012 24.762852 22.074674 23.766125 32.805430 20.677434 16.852867 10.744831 8.319290 14.376917 20.636344 25.062762 28.547842 23.911039 19.405977 16.725402 15.074646 13.255664 11.369395 9.297151 7.246627 5.400013 3.746152 0.000000 9.926677 28.183930 25.320113 20.870350 16.473080 14.128583 11.151474 11.852199 9.409028 7.254396 7.558721 6.904771 8.712238 10.078538 30.204588 22.673822 21.304951 22.710461 21.869990 17.907934 19.786408 17.099801 15.014291 16.726619 13.685250 11.020004 12.843902 43.542301 39.610797 31.254928 30.643299 27.818029 25.344012 21.548857 19.467533 23.043969 19.054008 20.698484 17.335369 18.952561
52.364645 39.574660 34.682180 31.602602 32.782602 40.111043 29.876506 25.080490 19.430189 15.039401 14.539146 18.934922 22.021258 38.148348 33.645242 29.049932 26.510967 25.001303 23.151510 21.296066 19.131717 17.167826 14.940694 12.960489 9.926677 0.000000 37.423848 34.328605 29.746893 25.323301 22.414070 19.789516 19.495574 16.675195 14.865783 13.978691 10.528853 6.858504 4.730779 38.246109 30.649338 29.178414 29.866529 28.670811 24.755209 25.687432 23.248982 21.230045 22.286369 18.737793 13.497423 9.556003 51.489676 47.317332 38.447043 37.447242 34.269168 30.760369 26.936029 24.897814 27.484301 23.917002 24.514732 21.032250 21.449600
33.860762 15.010129 13.005508 19.834895 23.990791 36.493082 22.327766 26.712967 25.534770 29.957545 39.555102 45.768133 50.640313 3.869686 6.708113 9.369563 12.419044 15.860560 16.220692 18.489006 19.273975 22.034170 22.788539 24.625453 28.183930 37.423848 0.000000 3.504776 7.937923 12.195454 15.436728 17.689326 18.616621 21.300096 22.731029 24.007365 27.838250 32.538535 35.270785 8.481526 9.852844 10.996001 13.063482 14.602268 16.134516 18.041943 18.373494 19.265477 19.969562 22.329000 27.493066 34.326508 18.094775 15.696642 13.043116 14.575749 15.433314 18.954473 19.164385 19.431238 21.819660 20.999186 23.442152 23.993230 26.424809
35.797184 16.726730 13.735367 19.796447 24.036314 36.807039 21.970818 25.649850 23.724793 27.793035 37.312281 43.617254 48.463547 6.531006 6.895134 7.601698 10.529503 14.246032 14.140807 16.354786 16.724477 19.566748 19.925172 21.680391 25.320113 34.328605 3.504776 0.000000 4.605531 9.005883 12.112751 14.539759 15.268585 18.000607 19.532260 20.729197 24.549859 29.242109 32.000818 7.530394 6.510168 7.551620 9.824544 11.294656 12.636291 14.619283 14.873711 15.766773 16.469416 18.837309 24.053006 30.909754 19.371902 16.294655 11.566644 12.731063 12.927705 15.955905 15.839628 15.998261 18.563811 17.551277 20.043604 20.501945 22.953307
37.031109 18.163424 14.131933 18.772457 22.956459 35.809926 20.438754 23.111391 20.328014 23.951340 33.331309 39.697613 44.505082 9.999666 7.879416 5.564324 7.688376 11.446002 10.713610 12.759618 12.631364 15.510811 15.499868 17.189180 20.870350 29.746893 7.937923 4.605531 0.000000 4.434220 7.516990 9.959927 10.686584 13.400428 14.931372 16.125766 19.948830 24.643590 27.397652 10.120683 4.647387 4.745569 7.716277 8.743664 8.830459 11.332177 10.985792 11.553092 12.547902 14.543373 19.573479 26.391631 23.098213 19.568252 12.934824 13.434307 12.426743 14.083024 12.945664 12.610487 15.823720 14.041640 16.730451 16.640609 19.222461
37.984137 19.801941 15.134242 18.060896 21.997893 34.632195 19.118486 20.629354 16.984729 20.079687 29.273691 35.673348 40.437461 13.644441 10.255497 6.070165 6.260973 9.339545 7.829821 9.464968 8.672771 11.525790 11.131579 12.773122 16.473080 25.323301 12.195454 9.005883 4.434220 0.000000 3.416859 5.533947 6.569848 9.137720 10.543813 11.821939 15.654239 20.355357 23.077016 14.011996 6.983424 6.040104 8.703279 8.953164 7.021121 10.048104 8.691324 8.507795 10.039423 11.157333 15.660797 22.343355 27.246244 23.519268 16.013786 16.036314 14.180881 14.334521 12.052237 11.022805 14.890879 12.134869 14.950023 14.000756 16.698361
40.644523 22.866158 18.047207 20.058932 23.742414 36.048957 20.682314 21.188801 16.709674 18.946957 27.686727 34.100621 38.763180 17.051514 13.611182 9.230780 8.633855 10.838283 8.795911 9.732324 7.960401 10.507433 9.072036 10.384003 14.128583 22.414070 15.436728 12.112751 7.516990 3.416859 0.000000 3.045227 3.188052 5.889602 7.549040 8.625312 12.438673 17.129363 19.892635 16.095127 8.545443 7.196053 9.002687 8.615434 5.362789 8.340113 6.299631 5.520968 7.350701 7.870542 12.247066 18.961318 29.437063 25.482271 17.279195 16.899893 14.469815 13.453000 10.457857 8.972268 13.081235 9.759516 12.529707 11.052360 13.758507
40.247707 23.246941 18.258104 19.105014 22.475426 34.379277 19.303100 19.024270 14.121089 15.996690 24.646578 31.059455 35.718102 18.826180 14.851546 10.202041 8.670535 9.794425 7.487271 7.757770 5.444888 7.694357 6.027754 7.407256 11.151474 19.789516 17.689326 14.539759 9.959927 5.533947 3.045227 0.000000 2.660661 4.040635 5.058001 6.498014 10.294440 14.974977 17.642477 19.054623 11.554683 10.231213 12.000617 11.493980 7.900557 10.622755 8.187988 6.711492 8.782674 7.995709 11.019402 17.319076 32.390932 28.481346 20.324281 19.923725 17.416494 16.024169 12.714521 10.959411 15.091135 11.389413 13.979702 11.809828 14.418224
42.797777 25.510801 20.579934 21.740098 25.135428 37.011512 21.963666 21.547783 16.424260 17.762020 25.921920 32.296441 36.841086 20.213795 16.623051 12.103627 10.992497 12.419409 10.132658 10.389077 7.935747 9.857609 7.399412 8.211874 11.852199 19.495574 18.616621 15.268585 10.686584 6.569848 3.188052 2.660661 0.000000 2.823289 4.769076 5.556955 9.321508 13.991867 16.776164 18.778686 11.171422 9.718037 10.863565 10.041480 6.134039 8.480558 5.880051 4.166000 6.247288 5.384832 9.112472 15.778269 32.080066 28.002598 19.441186 18.791100 16.008466 14.029871 10.500803 8.612462 12.692295 8.873001 11.386297 9.149466 11.765325
43.885906 27.227148 22.214916 22.512354 25.589018 36.961445 22.359240 21.120033 15.551594 16.082335 23.700156 30.018047 34.471781 22.706340 18.862342 14.230451 12.661751 13.350449 10.987521 10.647425 7.850060 8.988429 5.770416 5.992409 9.409028 16.675195 21.300096 18.000607 13.400428 9.137720 5.889602 4.040635 2.823289 0.000000 2.154740 2.743861 6.549353 11.243424 14.003145 21.584693 13.980453 12.517968 13.492091 12.529495 8.543284 10.411556 7.719579 5.665944 7.537918 5.230014 7.002677 13.315631 34.869742 30.764318 22.106287 21.355912 18.443559 15.993320 12.256917 10.214560 14.048050 10.054582 12.172907 9.296095 11.626503
43.591383 27.543451 22.497221 22.080188 24.889125 35.851062 21.645236 19.847992 14.059784 14.137667 21.560766 27.869320 32.317154 23.859193 19.755490 15.074939 13.134456 13.203368 10.867363 10.087356 7.207270 7.676789 4.102960 3.913516 7.254396 14.865783 22.731029 19.532260 14.931372 10.543813 7.549040 5.058001 4.769076 2.154740 0.000000 1.785914 5.308107 9.944591 12.586966 23.513529 15.907568 14.468893 15.587263 14.663319 10.683046 12.552037 9.861082 7.791298 9.599786 6.943365 7.051458 12.585160 36.831637 32.769391 24.188514 23.477488 20.589318 18.126951 14.367950 12.308688 16.060170 12.054050 14.016859 10.934762 13.057539
45.372703 29.286836 24.243766 23.855209 26.622900 37.447105 23.379111 21.391873 15.498002 15.099648 21.924494 28.133813 32.455471 25.311490 21.326205 16.657264 14.829313 14.987121 12.648055 11.862067 8.982296 9.278051 5.594702 4.854300 7.558721 13.978691 24.007365 20.729197 16.125766 11.821939 8.625312 6.498014 5.556955 2.743861 1.785914 0.000000 3.832301 8.533434 11.271891 24.267500 16.673410 15.200160 16.002886 14.929068 10.946828 12.421683 9.777604 7.674975 9.231832 6.131935 5.287840 10.895398 37.521898 33.379621 24.621105 23.771553 20.750000 17.909738 14.076501 11.982343 15.485889 11.500297 13.184585 9.910254 11.814224
48.148789 32.689990 27.641070 26.604221 29.011270 39.090020 25.792617 22.977791 16.867594 15.204918 20.461914 26.373070 30.409244 29.120377 25.062629 20.382695 18.397736 18.142117 15.872783 14.740001 11.934861 11.441604 7.827362 6.188933 6.904771 10.528853 27.838250 24.549859 19.948830 15.654239 12.438673 10.294440 9.321508 6.549353 5.308107 3.832301 0.000000 4.701154 7.456450 27.859816 20.305381 18.817834 19.353332 18.142186 14.237081 15.217908 12.731896 10.701934 11.839676 8.332484 4.184962 7.439929 41.032180 36.824891 27.920943 26.924082 23.768633 20.448211 16.591936 14.516542 17.483480 13.689148 14.755719 11.247421 12.427036
51.725809 36.971492 31.935488 30.287461 32.308865 41.484395 29.157533 25.565105 19.452064 16.570826 19.543395 24.837812 28.388961 33.798148 29.675926 24.993273 22.886473 22.295328 20.113822 18.733311 16.063766 15.022219 11.744223 9.813105 8.712238 6.858504 32.538535 29.242109 24.643590 20.355357 17.129363 14.974977 13.991867 11.243424 9.944591 8.533434 4.701154 0.000000 2.832503 32.347717 24.848025 23.354369 23.671486 22.360270 18.566760 19.154645 16.854928 14.937048 15.748679 12.199644 6.707328 4.232106 45.416676 41.152621 32.139367 31.010883 27.757645 24.047629 20.261346 18.265686 20.667914 17.192209 17.669895 14.203302 14.603587
53.373668 39.189762 34.177906 32.089846 33.840387 42.376066 30.755635 26.709590 20.697699 17.191018 18.690824 23.506523 26.730549 36.435387 32.222525 27.544795 25.323605 24.476350 22.373457 20.839637 18.290174 16.944041 13.935225 11.934594 10.078538 4.730779 35.270785 32.000818 27.397652 23.077016 19.892635 17.642477 16.776164 14.003145 12.586966 11.271891 7.456450 2.832503 0.000000 35.179887 27.675789 26.182580 26.497914 25.176859 21.395979 21.932141 19.665838 17.762109 18.531256 14.991312 9.403783 4.852086 48.245281 43.976125 34.950625 33.800355 30.530822 26.736887 22.980238 21.009432 23.258229 19.886953 20.204906 16.790334 16.953451
42.329383 23.478955 21.074436 27.325547 31.564104 44.316730 29.483824 32.920004 30.441830 34.007609 43.282293 49.676938 54.448594 12.331294 14.307769 14.838170 17.534658 21.327133 20.810492 22.879945 22.621234 25.496504 25.001863 26.458805 30.204588 38.246109 8.481526 7.530394 10.120683 14.011996 16.095127 19.054623 18.778686 21.584693 23.513529 24.267500 27.859816 32.347717 35.179887 0.000000 7.607792 9.068247 8.991353 10.568043 13.880360 14.351197 15.880432 17.535508 17.323867 20.552611 26.256885 33.105012 13.341970 9.508525 4.637706 6.410321 8.296302 12.846021 14.569593 15.689449 16.585109 17.277201 19.041434 20.752031 22.662096
41.439141 22.438615 18.661020 23.402699 27.571133 40.413602 24.990830 27.294594 23.950125 27.002797 36.054297 42.468191 47.184191 13.012937 12.126622 10.199110 12.061703 15.696456 14.589187 16.393412 15.617561 18.437930 17.561998 18.929447 22.673822 30.649338 9.852844 6.510168 4.647387 6.983424 8.545443 11.554683 11.171422 13.980453 15.907568 16.673410 20.305381 24.848025 27.675789 7.607792 0.000000 1.495135 3.371628 4.784876 6.731525 8.217729 8.927195 10.271531 10.495864 13.371003 18.964074 25.865838 20.928848 16.937004 9.031797 9.131689 7.794748 9.708683 9.332309 9.617447 12.059695 11.207878 13.592200 14.366160 16.680557
41.775602 22.876516 18.871402 23.194264 27.309113 40.108293 24.622766 26.601084 23.005369 25.865766 34.817277 41.233148 45.924801 13.940851 12.562188 10.086115 11.609101 15.111401 13.820669 15.504741 14.530774 17.310000 16.256284 17.565795 21.304951 29.178414 10.996001 7.551620 4.745569 6.040104 7.196053 10.231213 9.718037 12.517968 14.468893 15.200160 18.817834 23.354369 26.182580 9.068247 1.495135 0.000000 3.015218 4.024438 5.306800 7.069800 7.528660 8.799115 9.112475 11.904341 17.477934 24.381939 22.363576 18.324436 10.154104 10.017074 8.219889 9.341957 8.409725 8.446649 11.234023 10.004595 12.502955 13.050553 15.434796
44.710199 25.752656 21.846428 26.192594 30.292260 43.071961 27.570822 29.330850 25.448580 27.947645 36.613516 43.018102 47.627898 16.349776 15.430513 13.101286 14.548970 17.963439 16.531783 18.069602 16.802008 19.469723 17.961121 19.034148 22.710461 29.866529 13.063482 9.824544 7.716277 8.703279 9.002687 12.000617 10.863565 13.492091 15.587263 16.002886 19.353332 23.671486 26.497914 8.991353 3.371628 3.015218 0.000000 1.645903 5.118076 5.435195 6.936075 8.736367 8.339011 11.649462 17.380160 24.173885 21.750918 17.485939 8.620292 7.951475 5.536171 6.387914 6.143192 6.819538 8.758206 8.432183 10.553005 11.827149 13.910138
45.766367 26.896445 22.829979 26.815416 30.849939 43.555805 28.037732 29.446736 25.285037 27.490102 35.942785 42.328219 46.882559 17.793588 16.585521 13.901813 15.054929 18.292684 16.691105 18.063523 16.557373 19.116271 17.324086 18.253322 21.869990 28.670811 14.602268 11.294656 8.743664 8.953164 8.615434 11.493980 10.041480 12.529495 14.663319 14.929068 18.142186 22.360270 25.176859 10.568043 4.784876 4.024438 1.645903 0.000000 3.991021 3.802322 5.520345 7.448399 6.831229 10.237988 15.966601 22.704539 23.131549 18.814541 9.787664 8.843260 5.971617 5.469326 4.562430 5.178329 7.280167 6.789567 8.926146 10.204104 12.264603
44.956250 26.525324 22.030523 24.994443 28.831588 41.291926 25.846369 26.551590 21.971572 23.796246 32.054002 38.423180 42.946219 18.751820 16.492559 12.893389 13.244959 15.972842 14.066523 15.094895 13.225250 15.594854 13.504798 14.325708 17.907934 24.755209 16.134516 12.636291 8.830459 7.021121 5.362789 7.900557 6.134039 8.543284 10.683046 10.946828 14.237081 18.566760 21.395979 13.880360 6.731525 5.306800 5.118076 3.991021 0.000000 3.065660 2.241423 3.658240 3.837370 6.691883 12.377027 19.240781 26.850008 22.601852 13.699389 12.832073 9.910286 8.138547 5.151345 4.015903 7.909253 5.273299 8.049251 7.876655 10.404150
47.894301 29.325896 24.935605 28.055775 31.897072 44.342273 28.907459 29.493441 24.743297 26.230457 34.111145 40.418152 44.829051 20.988225 19.162033 15.806240 16.292744 19.033611 17.102002 18.050854 16.042051 18.260287 15.839217 16.389459 19.786408 25.687432 18.041943 14.619283 11.332177 10.048104 8.340113 10.622755 8.480558 10.411556 12.552037 12.421683 15.217908 19.154645 21.932141 14.351197 8.217729 7.069800 5.435195 3.802322 3.065660 0.000000 2.691993 4.774015 3.408292 6.963706 12.576868 19.151225 26.667961 22.293564 13.149169 11.877459 8.603436 5.589485 2.119015 1.404963 4.848599 3.014907 5.442583 6.404343 8.507364
46.661437 28.427168 23.821850 26.334996 30.042029 42.306555 26.976830 27.189494 22.260721 23.583035 31.419350 37.728871 42.149305 20.947568 18.524687 14.717196 14.740665 17.137859 15.070531 15.810366 13.632851 15.723938 13.183466 13.698813 17.099801 23.248982 18.373494 14.873711 10.985792 8.691324 6.299631 8.187988 5.880051 7.719579 9.861082 9.777604 12.731896 16.854928 19.665838 15.880432 8.927195 7.528660 6.936075 5.520345 2.241423 2.691993 0.000000 2.103347 1.596282 4.721907 10.454173 17.239635 28.646104 24.334879 15.285011 14.199806 11.044768 8.277964 4.627089 2.771599 6.909000 3.484800 6.291381 5.662500 8.243982
46.165250 28.282156 23.524826 25.461963 29.020258 41.073309 25.892389 25.703971 20.571955 21.645859 29.351375 35.648461 40.055258 21.543209 18.687873 14.564618 14.154739 16.163482 13.975728 14.463108 12.092429 13.985875 11.248499 11.657791 15.014291 21.230045 19.265477 15.766773 11.553092 8.507795 5.520968 6.711492 4.166000 5.665944 7.791298 7.674975 10.701934 14.937048 17.762109 17.535508 10.271531 8.799115 8.736367 7.448399 3.658240 4.774015 2.103347 0.000000 2.081923 3.111041 8.727703 15.609562 30.486574 26.215707 17.235451 16.226471 13.116196 10.336237 6.594140 4.577312 8.566073 4.707002 7.273178 5.539428 8.247530
47.928852 29.830754 25.164584 27.393436 31.008031 43.122383 27.898633 27.784873 22.641598 23.603098 31.100191 37.350297 41.687035 22.523842 20.014463 16.101365 15.940501 18.124545 15.974421 16.525215 14.173844 16.049235 13.226796 13.506341 16.726619 22.286369 19.969562 16.469416 12.547902 10.039423 7.350701 8.782674 6.247288 7.537918 9.599786 9.231832 11.839676 15.748679 18.531256 17.323867 10.495864 9.112475 8.339011 6.831229 3.837370 3.408292 1.596282 2.081923 0.000000 3.555550 9.201061 15.876359 29.937729 25.591982 16.480350 15.269854 12.011170 8.693972 4.846611 2.750660 6.538102 2.626619 5.232967 4.093679 6.722993
48.178043 30.711338 25.841090 27.100416 30.417437 42.063852 27.219527 26.314854 20.781273 21.068428 28.032252 34.196875 38.438508 24.496078 21.412404 17.100555 16.297116 17.788617 15.480775 15.538557 12.870717 14.214396 10.939602 10.796540 13.685250 18.737793 22.329000 18.837309 14.543373 11.157333 7.870542 7.995709 5.384832 5.230014 6.943365 6.131935 8.332484 12.199644 14.991312 20.552611 13.371003 11.904341 11.649462 10.237988 6.691883 6.963706 4.721907 3.111041 3.555550 0.000000 5.732564 12.553518 33.367441 29.050492 19.976029 18.811645 15.565656 12.118350 8.260139 6.185151 9.380496 5.438043 7.089329 4.066822 6.494033
50.630574 34.228324 29.211443 29.130363 31.904965 42.564734 28.661605 26.460316 20.445645 19.255602 24.594439 30.415746 34.333148 29.297254 25.712707 21.137010 19.664307 20.172619 17.816068 17.138334 14.258408 14.475973 10.756696 9.583516 11.020004 13.497423 27.493066 24.053006 19.573479 15.660797 12.247066 11.019402 9.112472 7.002677 7.051458 5.287840 4.184962 6.707328 9.403783 26.256885 18.964074 17.477934 17.380160 15.966601 12.377027 12.576868 10.454173 8.727703 9.201061 5.732564 0.000000 6.908478 39.097875 34.773730 25.679043 24.454107 21.156439 17.345377 13.576670 11.612085 13.987019 10.490799 11.048704 7.544854 8.346556
55.479016 40.100813 35.051605 33.959094 36.190949 45.648703 33.003266 29.669324 23.537563 20.800482 23.386283 28.344740 31.574414 35.978477 32.169303 27.518773 25.715531 25.581904 23.307287 22.163096 19.372250 18.709184 15.203330 13.418286 12.843902 9.556003 34.326508 30.909754 26.391631 22.343355 18.961318 17.319076 15.778269 13.315631 12.585160 10.895398 7.439929 4.232106 4.852086 33.105012 25.865838 24.381939 24.173885 22.704539 19.240781 19.151225 17.239635 15.609562 15.876359 12.553518 6.908478 0.000000 45.805980 41.443070 32.299404 30.951311 27.593039 23.416066 19.844703 18.039893 19.650693 16.709729 16.501338 13.321923 12.927966
47.996230 31.133312 30.601437 37.768297 41.826742 53.946270 40.368785 44.766781 43.094168 47.022125 56.429246 62.794066 67.603133 20.755176 24.788914 26.934463 29.899420 33.587254 33.486496 35.669598 35.728891 38.608785 38.313891 39.797180 43.542301 51.489676 18.094775 19.371902 23.098213 27.246244 29.437063 32.390932 32.080066 34.869742 36.831637 37.521898 41.032180 45.416676 48.245281 13.341970 20.928848 22.363576 21.750918 23.131549 26.850008 26.667961 28.646104 30.486574 29.937729 33.367441 39.097875 45.805980 0.000000 4.436741 13.572794 15.186911 18.560131 23.317523 26.259955 27.848691 27.441025 29.308168 30.409693 32.836621 34.264227
47.615074 29.845463 28.630766 35.525473 39.687410 52.130117 37.960023 41.938430 39.822707 43.501352 52.790785 59.185187 63.956590 18.891535 22.354451 23.886908 26.746369 30.507350 30.179479 32.298217 32.124969 35.001801 34.464328 35.866164 39.610797 47.317332 15.696642 16.294655 19.568252 23.519268 25.482271 28.481346 28.002598 30.764318 32.769391 33.379621 36.824891 41.152621 43.976125 9.508525 16.937004 18.324436 17.485939 18.814541 22.601852 22.293564 24.334879 26.215707 25.591982 29.050492 34.773730 41.443070 4.436741 0.000000 9.163128 10.750183 14.125051 18.882684 21.838107 23.453342 23.005789 24.898187 25.973492 28.423068 29.829277
46.902375 27.976803 25.298070 31.180852 35.422375 48.255512 33.140598 36.043539 32.956828 36.009387 44.955621 51.371195 56.042371 16.910059 18.461533 18.237414 20.620838 24.378980 23.496354 25.381719 24.641822 27.447387 26.348408 27.546918 31.254928 38.447043 13.043116 11.566644 12.934824 16.013786 17.279195 20.324281 19.441186 22.106287 24.188514 24.621105 27.920943 32.139367 34.950625 4.637706 9.031797 10.154104 8.620292 9.787664 13.699389 13.149169 15.285011 17.235451 16.480350 19.976029 25.679043 32.299404 13.572794 9.163128 0.000000 2.056316 5.098951 9.964568 12.690762 14.291774 14.043254 15.736771 16.908102 19.264051 20.737707
48.366379 29.359652 26.430461 32.017627 36.244750 49.103199 33.839328 36.412910 33.017852 35.801484 44.557629 50.964762 55.579352 18.440541 19.588906 18.906889 21.087395 24.784518 23.720230 25.493145 24.527061 27.272230 25.906309 26.979963 30.643299 37.447242 14.575749 12.731063 13.434307 16.036314 16.899893 19.923725 18.791100 21.355912 23.477488 23.771553 26.924082 31.010883 33.800355 6.410321 9.131689 10.017074 7.951475 8.843260 12.832073 11.877459 14.199806 16.226471 15.269854 18.811645 24.454107 30.951311 15.186911 10.750183 2.056316 0.000000 3.393202 8.148045 11.167911 12.913309 12.265447 14.275608 15.225132 17.771830 19.085531
48.695227 29.617988 26.210529 31.195484 35.365793 48.206090 32.766400 34.800484 30.984691 33.406188 41.914344 48.299500 52.847352 19.185619 19.475287 17.988668 19.788293 23.330242 22.005125 23.593082 22.327637 24.968787 23.290242 24.218994 27.818029 34.269168 15.433314 12.927705 12.426743 14.180881 14.469815 17.416494 16.008466 18.443559 20.589318 20.750000 23.768633 27.757645 30.530822 8.296302 7.794748 8.219889 5.536171 5.971617 9.910286 8.603436 11.044768 13.116196 12.011170 15.565656 21.156439 27.593039 18.560131 14.125051 5.098951 3.393202 0.000000 4.870696 7.781215 9.570699 8.945959 10.898401 11.851690 14.384443 15.704238
51.096914 32.136014 28.213070 32.277830 36.295613 48.966594 33.451496 34.596691 30.110074 31.791838 39.687523 45.980281 50.359145 22.468561 21.815311 19.355727 20.501354 23.654578 21.942850 23.147619 21.362217 23.712187 21.412875 21.976637 25.344012 30.760369 18.954473 15.955905 14.083024 14.334521 13.453000 16.024169 14.029871 15.993320 18.126951 17.909738 20.448211 24.047629 26.736887 12.846021 9.708683 9.341957 6.387914 5.469326 8.138547 5.589485 8.277964 10.336237 8.693972 12.118350 17.345377 23.416066 23.317523 18.882684 9.964568 8.148045 4.870696 0.000000 3.860894 5.953969 4.123980 6.855421 7.174718 10.094466 11.048168
49.753367 31.065672 26.779678 30.097447 33.967887 46.443070 30.994857 31.610926 26.829549 28.204695 35.912738 42.181418 46.531918 22.315596 20.822479 17.680227 18.311420 21.122123 19.210922 20.169684 18.143934 20.323537 17.803305 18.249277 21.548857 26.936029 19.164385 15.839628 12.945664 12.052237 10.457857 12.714521 10.500803 12.256917 14.367950 14.076501 16.591936 20.261346 22.980238 14.569593 9.332309 8.409725 6.143192 4.562430 5.151345 2.119015 4.627089 6.594140 4.846611 8.260139 13.576670 19.844703 26.259955 21.838107 12.690762 11.167911 7.781215 3.860894 0.000000 2.097643 2.896834 3.135753 4.485926 6.603933 8.133802
48.972133 30.504191 26.042076 28.911236 32.681986 45.018492 29.646240 29.958033 25.020119 26.222840 33.837074 40.096043 44.437660 22.340309 20.397939 16.904451 17.213115 19.784590 17.767371 18.566680 16.404205 18.469053 15.824083 16.202682 19.467533 24.897814 19.431238 15.998261 12.610487 11.022805 8.972268 10.959411 8.612462 10.214560 12.308688 11.982343 14.516542 18.265686 21.009432 15.689449 9.617447 8.446649 6.819538 5.178329 4.015903 1.404963 2.771599 4.577312 2.750660 6.185151 11.612085 18.039893 27.848691 23.453342 14.291774 12.913309 9.570699 5.953969 2.097643 0.000000 4.141653 1.614118 4.120027 5.071043 7.104719
52.648598 33.957180 29.675400 32.903293 36.731121 49.128203 33.723832 34.098379 29.116299 30.128391 37.406801 43.576395 47.793078 25.072148 23.702895 20.571389 21.140234 23.852156 21.874955 22.707244 20.534279 22.543738 19.762984 19.973521 23.043969 27.484301 21.819660 18.563811 15.823720 14.890879 13.081235 15.091135 12.692295 14.048050 16.060170 15.485889 17.483480 20.667914 23.258229 16.585109 12.059695 11.234023 8.758206 7.280167 7.909253 4.848599 6.909000 8.566073 6.538102 9.380496 13.987019 19.650693 27.441025 23.005789 14.043254 12.265447 8.945959 4.123980 2.896834 4.141653 0.000000 4.007004 3.167830 6.469624 6.995812
50.118457 31.786398 27.242588 29.811467 33.493113 45.686535 30.409289 30.403500 25.265025 26.136852 33.424758 39.618355 43.875832 23.851250 21.762395 18.116311 18.223266 20.591916 18.488766 19.114932 16.794738 18.669807 15.790564 15.967176 19.054008 23.917002 20.999186 17.551277 14.041640 12.134869 9.759516 11.389413 8.873001 10.054582 12.054050 11.500297 13.689148 17.192209 19.886953 17.277201 11.207878 10.004595 8.432183 6.789567 5.273299 3.014907 3.484800 4.707002 2.626619 5.438043 10.490799 16.709729 29.308168 24.898187 15.736771 14.275608 10.898401 6.855421 3.135753 1.614118 4.007004 0.000000 2.815702 3.533531 5.492492
52.933914 34.574559 30.051828 32.588637 36.234262 48.345992 33.130391 32.923926 27.629521 28.152225 34.974922 41.048039 45.159324 26.430420 24.506662 20.921777 21.031873 23.342609 21.205846 21.735115 19.317395 21.025480 17.941469 17.885326 20.698484 24.514732 23.442152 20.043604 16.730451 14.950023 12.529707 13.979702 11.386297 12.172907 14.016859 13.184585 14.755719 17.669895 20.204906 19.041434 13.592200 12.502955 10.553005 8.926146 8.049251 5.442583 6.291381 7.273178 5.232967 7.089329 11.048704 16.501338 30.409693 25.973492 16.908102 15.225132 11.851690 7.174718 4.485926 4.120027 3.167830 2.815702 0.000000 3.520355 3.874274
51.686820 33.798840 29.061736 30.848469 34.284840 46.069508 31.111123 30.370828 24.845986 24.990479 31.541004 37.574461 41.656160 26.609965 24.077699 20.069971 19.681256 21.525469 19.268582 19.487168 16.879170 18.281164 14.979032 14.710947 17.335369 21.032250 23.993230 20.501945 16.640609 14.000756 11.052360 11.809828 9.149466 9.296095 10.934762 9.910254 11.247421 14.203302 16.790334 20.752031 14.366160 13.050553 11.827149 10.204104 7.876655 6.404343 5.662500 5.539428 4.093679 4.066822 7.544854 13.321923 32.836621 28.423068 19.264051 17.771830 14.384443 10.094466 6.603933 5.071043 6.469624 3.533531 3.520355 0.000000 2.708122
54.386613 36.499273 31.769229 33.497543 36.884582 48.550152 33.696223 32.745771 27.096172 26.882285 32.888641 38.759152 42.667961 29.153750 26.737193 22.768457 22.384732 24.173559 21.897830 22.029455 19.361340 20.592326 17.155314 16.668506 18.952561 21.449600 26.424809 22.953307 19.222461 16.698361 13.758507 14.418224 11.765325 11.626503 13.057539 11.814224 12.427036 14.603587 16.953451 22.662096 16.680557 15.434796 13.910138 12.264603 10.404150 8.507364 8.243982 8.247530 6.722993 6.494033 8.346556 12.927966 34.264227 29.829277 20.737707 19.085531 15.704238 11.048168 8.133802 7.104719 6.995812 5.492492 3.874274 2.708122 0.000000
