70

0.172760 0.658990 0.483590 0.452750 0.666270 0.466810 0.840260 0.511800 0.319060 0.221850 0.380040 0.090000 0.060000 0.230330 0.225560 0.352100 0.533160 0.332520 0.308380 0.824460 0.231070 0.213900 0.176100 0.132760 0.209810 0.175900 0.060000 0.099290 0.144490 0.204060 0.142220 0.216820 0.186950 0.211280 0.249720 0.115040 0.203960 0.141580 0.214880 0.133680 0.069480 0.099550 0.180700 0.246510 0.251010 0.303450 0.425090 0.127460 1.316200 0.165810 0.158660 0.232260 0.148640 0.169410 0.105300 0.187030 0.115030 0.152290 0.198940 0.186540 0.207270 0.193860 0.158820 0.215780 0.154900 0.127910 0.106530 0.201120 0.115520 0.084820
0.160940 0.610590 0.445910 0.419650 0.617280 0.433680 0.773960 0.476690 0.299260 0.198880 0.352410 0.090000 0.060000 0.206600 0.202510 0.325080 0.494750 0.303420 0.273510 0.760720 0.197710 0.191070 0.144180 0.121730 0.187080 0.143630 0.060000 0.078120 0.133230 0.181440 0.120810 0.193940 0.164670 0.178310 0.226200 0.104350 0.181340 0.121580 0.186430 0.113690 0.061530 0.088570 0.161420 0.223070 0.219900 0.266680 0.385440 0.103010 1.222740 0.144520 0.130640 0.210840 0.123160 0.140540 0.087230 0.174360 0.104340 0.131950 0.166210 0.164270 0.184580 0.171440 0.129630 0.193510 0.125520 0.112190 0.091320 0.162990 0.094040 0.068920
0.314230 1.555320 1.113130 1.042620 1.573310 1.080300 2.027750 1.162070 0.685650 0.449810 0.862090 0.092760 0.060000 0.521110 0.459580 0.788700 1.244300 0.730510 0.683950 1.907890 0.480510 0.436080 0.338840 0.208900 0.419270 0.336060 0.060000 0.177410 0.239800 0.413430 0.240150 0.436560 0.357930 0.429140 0.523190 0.162260 0.402720 0.241230 0.395320 0.220300 0.094900 0.172090 0.345460 0.517330 0.500320 0.667500 0.933920 0.216030 3.163270 0.254120 0.249710 0.330260 0.271440 0.273770 0.196210 0.400790 0.162220 0.269320 0.396380 0.356850 0.411430 0.379220 0.294100 0.397260 0.283540 0.207600 0.167290 0.366660 0.218860 0.143330
0.221510 0.983880 0.709560 0.665790 0.995040 0.689190 1.269370 0.747510 0.451940 0.298410 0.553810 0.090000 0.060000 0.331200 0.304090 0.508280 0.790930 0.473540 0.435690 1.213990 0.313300 0.285710 0.229210 0.156170 0.282890 0.225820 0.060000 0.124840 0.175340 0.271670 0.173330 0.289810 0.241040 0.282270 0.343560 0.130130 0.271580 0.172440 0.275640 0.161110 0.077870 0.120930 0.237110 0.339970 0.333170 0.433110 0.603250 0.156520 1.985250 0.194170 0.188250 0.263380 0.187390 0.203610 0.133440 0.263830 0.130110 0.189870 0.263540 0.243630 0.274210 0.256850 0.201390 0.276150 0.195780 0.152860 0.126580 0.254080 0.148050 0.104130
1.211240 7.095230 5.025740 4.686690 7.202040 4.886630 9.364840 5.218360 2.958590 1.913040 3.866020 0.166550 0.068310 2.341800 1.958410 3.507950 5.653020 3.240460 3.078990 8.666010 2.124670 1.884910 1.449130 0.714320 1.762130 1.443950 0.086360 0.759120 0.859460 1.780200 0.931120 1.850050 1.484520 1.881000 2.272480 0.597220 1.703830 0.943900 1.584740 0.843920 0.277640 0.686050 1.408650 2.266600 2.133960 3.000090 4.145990 0.853050 14.665480 0.884250 0.938140 1.044510 1.111410 1.028820 0.816730 1.759610 0.497320 1.055810 1.729350 1.478240 1.731690 1.613230 1.235680 1.597260 1.187840 0.756500 0.597770 1.518230 0.941400 0.566830
0.347550 1.760690 1.258170 1.178040 1.781140 1.220870 2.300300 1.311060 0.769640 0.504360 0.972900 0.091050 0.060000 0.589480 0.515460 0.889480 1.407240 0.823350 0.773190 2.157270 0.541850 0.485460 0.377390 0.227860 0.468350 0.376790 0.060000 0.197420 0.262960 0.458850 0.266110 0.489310 0.399950 0.482670 0.587750 0.174840 0.450840 0.264160 0.433690 0.240540 0.098280 0.188330 0.381220 0.579050 0.551690 0.751880 1.053160 0.231860 3.584620 0.276930 0.265470 0.356210 0.295230 0.297600 0.215400 0.450020 0.174810 0.296250 0.445720 0.398730 0.460730 0.420930 0.325730 0.435850 0.313970 0.223270 0.169240 0.402430 0.245990 0.154110
0.328160 1.682950 1.197380 1.119940 1.702690 1.161350 2.193650 1.259170 0.736020 0.469010 0.921740 0.090000 0.060000 0.550250 0.479730 0.841130 1.341410 0.777240 0.718070 2.067140 0.494550 0.447650 0.335650 0.212530 0.434210 0.335080 0.060000 0.171420 0.246450 0.421450 0.238800 0.454460 0.368120 0.437370 0.549590 0.161300 0.417310 0.236940 0.391770 0.214090 0.086310 0.173240 0.350600 0.540320 0.500970 0.697500 0.989630 0.196860 3.446950 0.250280 0.228510 0.328910 0.257940 0.259880 0.189780 0.426180 0.161270 0.267920 0.401670 0.366940 0.426860 0.388070 0.286100 0.399910 0.274430 0.199760 0.142020 0.351180 0.218340 0.131700
0.293590 1.389750 0.999760 0.938080 1.403060 0.971060 1.809410 1.038510 0.618410 0.419660 0.780220 0.092740 0.060000 0.478250 0.428200 0.716030 1.114480 0.665140 0.631920 1.708590 0.453900 0.408530 0.327340 0.201480 0.391940 0.326890 0.060000 0.176530 0.228500 0.389140 0.236310 0.408080 0.339310 0.408370 0.483840 0.160680 0.378480 0.234820 0.377580 0.216630 0.094850 0.165720 0.324900 0.479010 0.473770 0.615530 0.854290 0.215350 2.815020 0.251560 0.249530 0.326400 0.264110 0.272860 0.190390 0.365540 0.160660 0.259510 0.379920 0.338370 0.386090 0.357110 0.287570 0.379000 0.278550 0.203350 0.167160 0.358910 0.213910 0.143210
0.217980 0.962090 0.694160 0.651440 0.972990 0.674280 1.240440 0.731690 2.598560 1.687550 3.379140 0.129690 0.060000 2.072840 0.625640 0.497570 0.773640 0.552020 0.426230 1.897630 1.874770 1.662300 1.282070 0.638950 1.557760 1.045830 0.073310 0.539700 0.308650 0.558930 0.317270 0.593300 0.867880 1.604860 1.997350 0.452240 1.497260 0.793260 1.154600 0.608130 0.210720 0.498510 0.459630 0.705520 0.672820 0.922760 1.288270 0.621310 5.402950 0.656880 0.695240 0.781500 0.806920 0.756030 0.592400 1.256760 0.199610 0.354540 0.544140 0.481280 0.557960 0.542090 0.513450 0.805300 0.494270 0.333290 0.437900 1.101650 0.681970 0.412850
0.102320 0.232500 0.181050 0.170330 0.234680 0.174900 0.272600 0.202390 0.574550 0.377650 0.715550 0.090000 0.060000 0.430670 0.165170 0.141420 0.194780 0.152680 0.119760 0.443690 0.399110 0.362640 0.280520 0.183830 0.351690 0.233240 0.060000 0.123970 0.117740 0.149280 0.110300 0.158760 0.213650 0.345120 0.437800 0.145600 0.339070 0.195970 0.281220 0.161960 0.075750 0.126890 0.138620 0.183180 0.185430 0.218770 0.307720 0.153030 1.121290 0.195420 0.181210 0.266720 0.189700 0.201130 0.136960 0.280310 0.099550 0.116830 0.140810 0.140230 0.151630 0.151630 0.132960 0.219590 0.130410 0.113090 0.121520 0.254880 0.152440 0.101980
0.205370 0.884390 0.639280 0.600190 0.894370 0.621090 1.137340 0.675330 2.376750 1.548070 3.092850 0.124600 0.060000 1.897640 0.576600 0.459440 0.712000 0.509250 0.392470 1.742800 1.717640 1.523270 1.175410 0.590490 1.429320 0.959310 0.071780 0.495440 0.288320 0.515300 0.294500 0.547030 0.798220 1.470720 1.832160 0.421070 1.375100 0.728850 1.061370 0.560590 0.196190 0.457760 0.424740 0.650760 0.619140 0.846730 1.183650 0.570940 4.923820 0.607740 0.639420 0.727800 0.740740 0.696740 0.543640 1.152080 0.188580 0.328610 0.500340 0.444530 0.514690 0.501140 0.472260 0.741820 0.454710 0.309160 0.403160 1.011220 0.625580 0.379400
0.093070 0.150600 0.126920 0.123150 0.151570 0.125170 0.166970 0.138480 0.302850 0.214720 0.363960 0.090000 0.060000 0.221390 0.120860 0.109550 0.133940 0.114360 0.097530 0.260640 0.223030 0.207140 0.170650 0.130280 0.203250 0.149770 0.060000 0.085920 0.101090 0.113830 0.093610 0.118000 0.142280 0.199170 0.241280 0.113390 0.197680 0.134280 0.186730 0.119320 0.065090 0.088380 0.110210 0.127720 0.146010 0.141210 0.198550 0.112250 0.542340 0.150980 0.143180 0.215970 0.128640 0.151500 0.090590 0.156140 0.091450 0.099560 0.106020 0.108110 0.114880 0.113330 0.104640 0.161660 0.102660 0.098600 0.097890 0.173820 0.098500 0.074710
0.060000 0.060000 0.060000 0.060000 0.060000 0.060000 0.060000 0.060000 0.080820 0.061330 0.075240 0.060000 0.040000 0.045480 0.060000 0.060000 0.060000 0.060000 0.060000 0.080000 0.060000 0.060000 0.060000 0.060000 0.062240 0.060000 0.040000 0.040000 0.060000 0.060000 0.060000 0.060000 0.060000 0.060000 0.063680 0.060000 0.060670 0.060000 0.080000 0.060000 0.040000 0.040000 0.060000 0.060000 0.080000 0.060000 0.080000 0.060000 0.124700 0.080000 0.080000 0.120000 0.060000 0.080000 0.040000 0.042090 0.060000 0.060000 0.060000 0.060000 0.060000 0.060000 0.060000 0.080000 0.060000 0.060000 0.060000 0.080000 0.040000 0.040000
0.158130 0.748170 0.534260 0.500150 0.756860 0.518380 0.966380 0.568270 2.053090 1.327350 2.675470 0.087650 0.040000 1.638600 0.479560 0.377320 0.597720 0.420790 0.316330 1.491120 1.472790 1.303150 0.999610 0.494220 1.223740 0.810990 0.048840 0.414910 0.230520 0.424630 0.233370 0.453740 0.672960 1.257320 1.573860 0.344980 1.175010 0.610990 0.893870 0.465580 0.156300 0.382020 0.347020 0.542900 0.506490 0.712730 1.000590 0.472070 4.273340 0.500560 0.523120 0.591560 0.620260 0.575690 0.456980 0.989060 0.143480 0.263130 0.410450 0.364310 0.425530 0.412340 0.385960 0.615010 0.370650 0.246160 0.325630 0.847590 0.528490 0.313650
0.130220 0.421240 0.312180 0.294790 0.425680 0.304090 0.522680 0.339330 0.442850 0.292120 0.541820 0.090000 0.060000 0.323480 1.027890 0.232180 0.344540 0.458030 0.191270 0.603840 0.302780 0.279440 0.215110 0.154120 0.272930 0.453830 0.060000 0.236840 0.475410 0.928560 0.504050 0.972960 0.530160 0.329040 0.336580 0.125870 0.263600 0.209710 0.516700 0.282860 0.111230 0.223870 0.745870 1.173920 1.115030 1.546620 2.146570 0.276690 6.576040 0.320690 0.311130 0.404240 0.354140 0.350390 0.258820 0.541360 0.290200 0.567370 0.903410 0.782660 0.912930 0.810390 0.538360 0.655130 0.518190 0.347880 0.200170 0.482950 0.296190 0.183920
0.228410 1.026390 0.739570 0.693840 1.038060 0.718280 1.325800 0.778350 0.469320 0.309320 0.576750 0.090000 0.060000 0.345030 0.315660 0.529130 0.824650 0.491400 0.454170 1.265620 0.322130 0.295730 0.228780 0.160090 0.288760 0.227920 0.060000 0.121260 0.180140 0.280700 0.173330 0.300720 0.249730 0.288350 0.356920 0.129830 0.278790 0.173800 0.277530 0.160160 0.075820 0.124610 0.242050 0.351450 0.340460 0.442310 0.626840 0.151680 2.071020 0.192400 0.181040 0.263400 0.187440 0.198430 0.134840 0.274020 0.129820 0.191960 0.267270 0.249030 0.284420 0.261510 0.201640 0.280600 0.194680 0.153210 0.121690 0.251350 0.148980 0.100690
0.245640 1.132600 0.814580 0.763860 1.145540 0.790980 1.466750 0.855390 0.512760 0.337530 0.634030 0.090000 0.060000 0.380380 0.344570 0.581250 0.908920 0.539400 0.500310 1.394580 0.353910 0.323610 0.249860 0.169900 0.314740 0.249450 0.060000 0.132260 0.192120 0.307080 0.186750 0.328010 0.271450 0.316460 0.390310 0.136340 0.303660 0.186650 0.299900 0.171540 0.079050 0.133820 0.262240 0.384230 0.371630 0.486830 0.688520 0.163520 2.290000 0.204630 0.192420 0.276830 0.203170 0.212800 0.146610 0.299480 0.136320 0.206790 0.293080 0.270680 0.309930 0.284520 0.219620 0.303730 0.211930 0.163670 0.129400 0.273030 0.163010 0.108710
0.237500 1.124080 0.802680 0.751430 1.137160 0.778820 1.451980 0.853730 0.599470 0.380710 0.741610 0.090000 0.060000 0.439420 0.692770 0.566870 0.898020 0.625950 0.475290 1.418950 0.398530 0.362730 0.277420 0.181720 0.357070 0.373390 0.060000 0.195680 0.334770 0.617180 0.343050 0.655530 0.422090 0.378250 0.444650 0.143730 0.341820 0.219640 0.436990 0.238670 0.097700 0.186840 0.507910 0.787980 0.742440 1.036920 1.445230 0.229880 4.693970 0.275010 0.263470 0.354100 0.293200 0.295290 0.213490 0.463810 0.212130 0.386070 0.598530 0.529810 0.614840 0.552960 0.383990 0.495160 0.369950 0.257430 0.167890 0.399670 0.243770 0.152800
0.553780 3.073510 2.179480 2.036890 3.109890 2.113110 4.039120 2.267990 1.304730 0.838360 1.671920 0.091820 0.060000 1.013170 0.858110 1.523530 2.444690 1.405880 1.322180 3.755690 0.910630 0.805740 0.618050 0.340850 0.774280 0.617000 0.060000 0.315660 0.403310 0.760920 0.414480 0.811580 0.652600 0.805340 0.986730 0.246520 0.743140 0.411050 0.694840 0.368980 0.133690 0.293950 0.619280 0.971170 0.910340 1.284300 1.796940 0.359140 6.311580 0.410390 0.395580 0.504680 0.471880 0.452730 0.347670 0.759480 0.246460 0.468110 0.739610 0.650430 0.760740 0.689790 0.526120 0.698110 0.505230 0.338270 0.247740 0.644810 0.402050 0.238620
0.930010 5.279090 3.740080 3.494660 5.341690 3.625860 6.952920 3.880800 2.760590 1.783450 3.575990 0.158340 0.080000 2.184490 1.547490 2.610970 4.196610 2.437130 2.277760 6.619510 1.967240 1.749200 1.343010 0.686620 1.648660 1.282090 0.099800 0.660570 0.704960 1.400250 0.748680 1.464280 1.274300 1.728800 2.113250 0.493340 1.585230 0.874430 1.422200 0.747940 0.260430 0.615930 1.119870 1.786930 1.676710 2.349530 3.259700 0.758830 11.725450 0.811040 0.844020 0.977760 0.987600 0.927910 0.725530 1.563670 0.424000 0.844730 1.356120 1.174250 1.371550 1.284680 1.001820 1.342310 0.963280 0.629460 0.534700 1.348570 0.835920 0.504240
0.206220 0.931270 0.666520 0.624290 0.942030 0.646860 1.196100 0.713850 2.551650 1.648140 3.316740 0.119010 0.060000 2.028150 0.598810 0.472270 0.745060 0.526070 0.391540 1.856080 1.822900 1.612940 1.237230 0.622210 1.519900 1.003780 0.069720 0.513540 0.295820 0.529650 0.294100 0.566850 0.838190 1.556200 1.952440 0.437310 1.459760 0.759960 1.111610 0.581500 0.198700 0.475450 0.434760 0.677400 0.630480 0.882160 1.243700 0.584290 5.294480 0.630040 0.648570 0.752500 0.767680 0.717790 0.565600 1.227940 0.188080 0.330930 0.508030 0.456150 0.531930 0.515920 0.477710 0.768520 0.458760 0.309920 0.403060 1.049060 0.654110 0.388190
0.191660 0.841590 0.603170 0.565140 0.851290 0.585480 1.077070 0.648790 2.303720 1.487120 2.989690 0.116950 0.060000 1.826320 0.542200 0.428250 0.673900 0.476700 0.352680 1.677360 1.641530 1.453060 1.114100 0.566260 1.371630 0.903910 0.070620 0.462440 0.272340 0.481740 0.267800 0.513430 0.757760 1.401340 1.762670 0.400800 1.318250 0.689400 1.003970 0.526620 0.181920 0.433800 0.396580 0.613720 0.574240 0.794380 1.122930 0.526140 4.770640 0.573320 0.588600 0.690970 0.691310 0.649330 0.509330 1.110820 0.175330 0.301290 0.457480 0.413750 0.481980 0.468210 0.430180 0.700280 0.413090 0.283590 0.362950 0.944660 0.589020 0.349580
0.132320 0.475750 0.344820 0.323930 0.481090 0.335090 0.591570 0.383390 1.292390 0.830340 1.655660 0.093500 0.060000 1.003130 0.311330 0.248730 0.383650 0.275350 0.193630 0.948350 0.901600 0.797770 0.611910 0.338060 0.766910 0.496460 0.060000 0.253990 0.176620 0.272430 0.160600 0.295510 0.429730 0.769700 0.977240 0.244680 0.736070 0.385450 0.564960 0.302770 0.113430 0.242240 0.232400 0.349230 0.321500 0.436300 0.630290 0.288980 2.633860 0.341930 0.326200 0.429530 0.379700 0.370160 0.279720 0.616970 0.123340 0.178830 0.251260 0.240750 0.278260 0.269660 0.236260 0.401740 0.226890 0.169350 0.199330 0.518840 0.323520 0.192000
0.098050 0.181240 0.148560 0.143350 0.182570 0.146130 0.207630 0.160710 0.387570 0.269740 0.475710 0.090000 0.060000 0.290340 0.140210 0.124580 0.158260 0.131230 0.108320 0.321700 0.285010 0.259270 0.212710 0.149400 0.253900 0.183900 0.060000 0.103390 0.109110 0.130510 0.102590 0.136260 0.169760 0.252090 0.306400 0.126090 0.246220 0.158700 0.223500 0.138070 0.070820 0.102960 0.121700 0.149660 0.163510 0.168890 0.239820 0.132120 0.721420 0.170360 0.163400 0.237250 0.154760 0.174890 0.109810 0.196490 0.095810 0.107140 0.122700 0.122600 0.131960 0.129810 0.118960 0.185100 0.116620 0.105680 0.109750 0.209490 0.120740 0.087920
0.153100 0.555290 0.407310 0.383190 0.561330 0.395840 0.700590 0.436580 1.466940 0.957210 1.892700 0.109480 0.060000 1.157070 0.368900 0.298040 0.450890 0.328660 0.255850 1.086970 1.052010 0.939460 0.723640 0.385200 0.885290 0.592770 0.066450 0.307910 0.202200 0.331050 0.202020 0.350990 0.503100 0.902470 1.128150 0.280960 0.850530 0.460680 0.666910 0.359190 0.134570 0.292440 0.282860 0.412710 0.403840 0.532580 0.740660 0.359240 3.044740 0.399580 0.409800 0.494770 0.461910 0.445700 0.337890 0.713020 0.144030 0.223720 0.320150 0.291550 0.331410 0.323770 0.302340 0.480020 0.292010 0.212570 0.261520 0.628980 0.386730 0.239580
0.109880 0.322400 0.238390 0.222810 0.325900 0.230130 0.388100 0.272140 0.476950 0.300760 0.579990 0.090000 0.060000 0.339360 0.317610 0.175040 0.261990 0.219160 0.136770 0.513350 0.306440 0.286570 0.212410 0.154070 0.281620 0.877040 0.064180 0.448690 0.179240 0.277860 0.163540 0.301450 0.242650 0.431910 0.350460 0.122520 0.268860 0.285470 0.975040 0.511860 0.177400 0.417030 0.239260 0.356370 0.331510 0.450130 0.643710 0.510510 5.627260 0.558070 0.549650 0.667700 0.670760 0.630920 0.494190 1.072880 0.124760 0.185530 0.258390 0.245700 0.283790 0.350370 0.518190 0.768740 0.497610 0.333630 0.352160 0.916590 0.571520 0.339170
0.063600 0.123860 0.099220 0.095300 0.124860 0.097400 0.141300 0.110840 0.169580 0.117650 0.197740 0.060000 0.040000 0.117340 0.122490 0.081150 0.106530 0.094250 0.068640 0.190020 0.117480 0.113580 0.089370 0.076980 0.111500 0.281530 0.040000 0.148680 0.084200 0.111080 0.078290 0.117850 0.100990 0.153870 0.131900 0.067920 0.108510 0.113260 0.321040 0.178190 0.072270 0.138480 0.098990 0.133600 0.135300 0.157930 0.226010 0.176410 1.645280 0.202840 0.199040 0.256830 0.222370 0.222340 0.161730 0.327380 0.068570 0.083640 0.103670 0.101800 0.112790 0.131870 0.178610 0.261330 0.172710 0.127080 0.130990 0.302870 0.183910 0.117280
0.060450 0.114310 0.090280 0.084220 0.113310 0.084080 0.126440 0.106900 0.171500 0.107340 0.193470 0.060000 0.040000 0.108930 0.110690 0.071610 0.093150 0.082160 0.061990 0.182980 0.101080 0.100930 0.076820 0.070720 0.104040 0.276590 0.040000 0.141500 0.077600 0.098560 0.069410 0.106030 0.087840 0.138550 0.121960 0.063760 0.099280 0.102170 0.318040 0.171960 0.066480 0.138240 0.093870 0.125680 0.122280 0.151170 0.215810 0.160990 1.787420 0.197080 0.183870 0.252450 0.211540 0.209520 0.155860 0.347030 0.064260 0.074870 0.089390 0.092120 0.100200 0.121030 0.164110 0.257540 0.157290 0.118350 0.113490 0.289080 0.180240 0.106970
0.090990 0.137750 0.117840 0.114670 0.138550 0.116360 0.149900 0.129150 0.148040 0.114180 0.159750 0.090000 0.060000 0.095380 0.248460 0.103240 0.123750 0.144460 0.093130 0.195590 0.110990 0.111860 0.098820 0.095350 0.112810 0.137350 0.060000 0.079570 0.153980 0.223970 0.152860 0.238430 0.157620 0.114570 0.122300 0.090190 0.108980 0.099140 0.173340 0.112490 0.063000 0.083060 0.196990 0.272500 0.276190 0.336770 0.470780 0.105020 1.281200 0.143920 0.135820 0.208220 0.119150 0.142990 0.083580 0.141450 0.120180 0.164410 0.219390 0.203700 0.227480 0.206470 0.152770 0.199470 0.149090 0.124360 0.094030 0.160820 0.090390 0.069910
0.120560 0.403350 0.293670 0.276180 0.407820 0.285540 0.495490 0.330870 0.434970 0.273490 0.524620 0.090000 0.060000 0.305210 1.013490 0.213200 0.326220 0.440360 0.163320 0.586840 0.274310 0.260740 0.186170 0.144600 0.254200 0.426230 0.060000 0.218060 0.467720 0.903690 0.486620 0.958220 0.512900 0.300740 0.318200 0.116180 0.244820 0.190610 0.489290 0.264180 0.101630 0.212210 0.729840 1.151660 1.081160 1.525270 2.128480 0.248100 6.593340 0.302050 0.282540 0.385750 0.325980 0.322040 0.240160 0.533960 0.281460 0.550310 0.878400 0.766830 0.897850 0.786890 0.511240 0.628520 0.490970 0.329570 0.171280 0.445460 0.277770 0.164830
0.093920 0.164940 0.134500 0.127620 0.163270 0.128730 0.182960 0.151790 0.187080 0.127670 0.199450 0.090000 0.060000 0.116140 0.363300 0.112100 0.138800 0.173680 0.099300 0.245030 0.123030 0.123030 0.103840 0.099440 0.124220 0.160620 0.060000 0.090110 0.198170 0.320130 0.186900 0.344580 0.204140 0.129110 0.140370 0.092910 0.120400 0.106910 0.209100 0.124420 0.066460 0.094620 0.274550 0.408200 0.385510 0.523560 0.741200 0.117010 2.270730 0.155630 0.148040 0.221640 0.138350 0.157110 0.097490 0.200800 0.136390 0.210830 0.301340 0.281490 0.324110 0.289700 0.186510 0.253740 0.180190 0.144430 0.100440 0.186060 0.104310 0.077880
0.210260 0.920490 0.662410 0.620060 0.927900 0.641710 1.182150 0.703370 0.989910 0.633900 1.256630 0.098020 0.060000 0.756910 2.327220 0.474240 0.735900 1.000180 0.405670 1.324310 0.682350 0.616550 0.468180 0.269810 0.588910 1.017010 0.078370 0.524950 1.014080 2.122470 1.107350 2.199270 1.183270 0.738890 0.744750 0.200110 0.563350 0.425830 1.131450 0.592290 0.205880 0.490240 1.670480 2.696250 2.543410 3.568660 4.927220 0.604510 15.364880 0.640500 0.650920 0.770690 0.786040 0.736280 0.576410 1.246740 0.582790 1.254800 2.063940 1.756130 2.059490 1.847930 1.213840 1.445920 1.166860 0.743680 0.426320 1.072930 0.663180 0.401710
0.108610 0.297810 0.222790 0.208630 0.298800 0.212920 0.356640 0.252710 0.567910 0.364200 0.700000 0.090000 0.060000 0.417750 0.455400 0.166800 0.240750 0.246800 0.134010 0.515380 0.381300 0.347670 0.268420 0.178340 0.340500 0.301880 0.060000 0.157070 0.236350 0.401780 0.227490 0.431480 0.322810 0.347920 0.424010 0.141960 0.326770 0.202700 0.361460 0.198420 0.085030 0.158000 0.334150 0.512700 0.477850 0.659740 0.937680 0.185950 3.099130 0.232430 0.218760 0.308200 0.239090 0.243570 0.173960 0.384050 0.155780 0.255050 0.379930 0.348700 0.405380 0.362830 0.251640 0.358100 0.241520 0.180090 0.137570 0.324470 0.195670 0.123610
0.191500 0.840540 0.602430 0.564470 0.850230 0.584750 1.075690 0.648030 2.171250 1.401090 2.814940 0.116700 0.060000 1.718500 0.575670 0.427740 0.673060 0.485470 0.353120 1.632460 1.544590 1.372290 1.048320 0.536380 1.292420 1.085230 0.067270 0.555220 0.286220 0.507280 0.283340 0.545000 0.740420 1.375370 1.657920 0.378580 1.240280 0.692340 1.199380 0.626260 0.212390 0.511200 0.418290 0.649650 0.603770 0.846270 1.194320 0.631700 6.051800 0.676290 0.694760 0.801220 0.829980 0.773600 0.611500 1.321820 0.182860 0.318680 0.487350 0.438810 0.511520 0.519780 0.549830 0.857120 0.528030 0.352190 0.435760 1.134180 0.707200 0.419690
0.166440 0.676030 0.487250 0.455970 0.683740 0.472160 0.857340 0.528680 1.846000 1.189870 2.385920 0.108900 0.060000 1.453750 0.437710 0.347660 0.542540 0.386650 0.288220 1.347410 1.306640 1.161580 0.886820 0.462980 1.097930 0.719510 0.063150 0.368100 0.229020 0.384330 0.224170 0.414800 0.609290 1.115460 1.404290 0.327640 1.053270 0.549330 0.806350 0.425310 0.151260 0.346410 0.326300 0.494020 0.462240 0.640990 0.900740 0.421270 3.808100 0.468600 0.471090 0.569710 0.552260 0.523660 0.406730 0.884790 0.154470 0.250990 0.370310 0.338500 0.389770 0.379880 0.347240 0.565200 0.334510 0.236530 0.295820 0.753300 0.468860 0.280660
0.094170 0.182510 0.145660 0.137290 0.183970 0.140600 0.206080 0.166310 0.465170 0.295170 0.564440 0.090000 0.060000 0.331780 0.133530 0.116800 0.155020 0.125080 0.099840 0.352050 0.301480 0.279460 0.212550 0.152580 0.277730 0.177440 0.060000 0.095420 0.104630 0.122010 0.095600 0.128890 0.168700 0.261650 0.342400 0.124840 0.266130 0.156000 0.222440 0.131280 0.066350 0.103020 0.119610 0.147280 0.155570 0.171450 0.241840 0.120520 0.900580 0.163720 0.148120 0.231920 0.146980 0.162880 0.105500 0.222970 0.092420 0.102120 0.112540 0.116530 0.123720 0.124680 0.107610 0.181250 0.105830 0.100550 0.100250 0.196540 0.116070 0.080380
0.108390 0.299000 0.223750 0.209250 0.301090 0.213340 0.358840 0.254340 0.800640 0.510970 1.006960 0.090000 0.060000 0.602850 0.199690 0.166120 0.242520 0.182030 0.133830 0.593860 0.541830 0.488160 0.368730 0.227100 0.472860 0.300000 0.060000 0.154840 0.131910 0.178750 0.119330 0.192640 0.272270 0.464140 0.599270 0.170970 0.454310 0.246980 0.359110 0.197180 0.084290 0.157550 0.160820 0.226610 0.217350 0.275410 0.395160 0.183400 1.601560 0.231010 0.216160 0.306650 0.237230 0.240570 0.172850 0.382760 0.103630 0.130200 0.163380 0.162440 0.182090 0.179510 0.155760 0.264910 0.150440 0.125790 0.136070 0.321410 0.194420 0.121930
0.103990 0.276460 0.207620 0.193770 0.279400 0.198680 0.329190 0.238800 0.691960 0.440390 0.863580 0.090000 0.060000 0.514370 0.198560 0.154260 0.225530 0.169250 0.123940 0.534830 0.465500 0.420660 0.322190 0.202590 0.411780 0.344120 0.060000 0.176050 0.129870 0.175250 0.111390 0.189090 0.244740 0.416320 0.515710 0.156800 0.394020 0.229330 0.400820 0.219070 0.087830 0.177110 0.160100 0.221650 0.213380 0.272090 0.389660 0.200300 1.962920 0.255420 0.233900 0.334550 0.263200 0.265770 0.193910 0.436890 0.099770 0.126970 0.156210 0.158520 0.178730 0.183100 0.178870 0.306900 0.171580 0.137490 0.140470 0.359650 0.224240 0.133080
0.169350 0.531260 0.394450 0.367720 0.534470 0.376370 0.655420 0.434500 0.776760 0.494840 0.959090 0.120000 0.080000 0.569440 0.520610 0.290530 0.427670 0.359680 0.245700 0.837590 0.518980 0.471290 0.366780 0.238720 0.466530 1.465590 0.102040 0.749800 0.279240 0.459880 0.275220 0.494520 0.396630 0.724900 0.576870 0.191340 0.445870 0.468940 1.619200 0.845250 0.286310 0.702370 0.394940 0.589450 0.557370 0.764510 1.068500 0.853100 9.395880 0.912290 0.908400 1.089670 1.120900 1.044190 0.825830 1.797890 0.194680 0.305600 0.443720 0.407250 0.464780 0.575370 0.867090 1.280700 0.832400 0.551090 0.591860 1.531690 0.955040 0.566800
0.095990 0.180550 0.145950 0.137980 0.180810 0.138460 0.205020 0.163780 0.254340 0.170820 0.293150 0.090000 0.060000 0.171110 0.177140 0.118380 0.152550 0.135360 0.103670 0.280420 0.169190 0.163430 0.131900 0.111720 0.165160 0.417740 0.060000 0.218360 0.122720 0.159570 0.115020 0.170010 0.144020 0.222500 0.191670 0.101070 0.158930 0.163680 0.477810 0.263030 0.105160 0.208630 0.146930 0.196290 0.197590 0.236710 0.332760 0.255690 2.543450 0.300200 0.289740 0.381750 0.326540 0.325660 0.238480 0.498840 0.101840 0.122910 0.150730 0.148820 0.162200 0.191630 0.259080 0.390410 0.250000 0.186050 0.187340 0.445210 0.272670 0.169950
0.060000 0.092320 0.077840 0.074500 0.092950 0.075810 0.099450 0.087960 0.124620 0.088450 0.138420 0.060000 0.040000 0.080730 0.091470 0.066200 0.081510 0.073850 0.060000 0.141130 0.084950 0.085910 0.070640 0.066830 0.085980 0.186950 0.040000 0.100290 0.071340 0.084350 0.063900 0.088570 0.078050 0.107290 0.097350 0.061180 0.082740 0.085720 0.219120 0.126230 0.056380 0.097090 0.080570 0.098400 0.106560 0.111930 0.159830 0.121350 1.043140 0.149130 0.143000 0.197850 0.150030 0.157540 0.108440 0.215560 0.061590 0.069790 0.076440 0.078560 0.085420 0.097320 0.122720 0.182740 0.119050 0.094330 0.093020 0.204030 0.122270 0.080700
0.082380 0.281260 0.204510 0.192280 0.284390 0.198820 0.346740 0.229540 0.412540 0.261940 0.511410 0.060000 0.040000 0.303230 0.276980 0.148200 0.227280 0.189030 0.113470 0.445060 0.272520 0.249250 0.184970 0.124050 0.242750 0.783620 0.045690 0.400900 0.146540 0.241460 0.139320 0.262540 0.210010 0.385920 0.306340 0.095820 0.233430 0.248260 0.864380 0.450560 0.151700 0.369120 0.202850 0.311610 0.285790 0.398550 0.568330 0.456140 5.021010 0.485000 0.484300 0.570260 0.599300 0.556930 0.441550 0.954060 0.097860 0.155950 0.229520 0.212520 0.246770 0.306250 0.463000 0.678380 0.444620 0.291290 0.314650 0.818970 0.510650 0.303050
0.123010 0.376770 0.280770 0.265470 0.380660 0.273640 0.463650 0.307060 0.400060 0.263110 0.482900 0.090000 0.060000 0.287120 0.921910 0.210340 0.309250 0.409140 0.173110 0.543860 0.270080 0.251940 0.192940 0.144040 0.246220 0.403050 0.060000 0.210850 0.429750 0.827750 0.449630 0.871790 0.475160 0.293200 0.302240 0.119170 0.238010 0.190570 0.461970 0.254970 0.102690 0.201000 0.671020 1.055240 0.994420 1.392440 1.934280 0.247140 5.991000 0.291850 0.281040 0.372590 0.315310 0.315600 0.230210 0.487030 0.263820 0.507380 0.803380 0.701580 0.817040 0.728000 0.477460 0.587250 0.459700 0.312190 0.179970 0.429870 0.263100 0.164270
0.199280 0.888510 0.636320 0.596090 0.898780 0.617600 1.139360 0.682840 0.922220 0.589930 1.167370 0.096930 0.060000 0.701810 2.291430 0.451290 0.711140 0.973580 0.379350 1.271420 0.632260 0.573440 0.435790 0.254540 0.548560 0.980150 0.076660 0.501450 0.997530 2.078050 1.079990 2.164370 1.149920 0.691580 0.692710 0.189300 0.523990 0.399540 1.086150 0.568520 0.194720 0.474420 1.639240 2.651860 2.486030 3.507210 4.855260 0.570520 15.125750 0.616610 0.615880 0.744280 0.749610 0.701570 0.552280 1.207440 0.569230 1.226440 2.019830 1.724300 2.025540 1.811850 1.175620 1.407430 1.128960 0.718880 0.398390 1.024370 0.638700 0.379130
0.184750 0.667200 0.485430 0.453570 0.674690 0.469260 0.833150 0.535020 0.709920 0.450260 0.870910 0.120000 0.080000 0.513870 1.692110 0.349960 0.537610 0.729330 0.286660 0.965020 0.465380 0.429340 0.326480 0.222340 0.422820 0.716060 0.083670 0.366320 0.764910 1.521600 0.807080 1.599290 0.851210 0.506870 0.524190 0.177890 0.404260 0.311270 0.814040 0.433870 0.162060 0.354260 1.215650 1.941660 1.818820 2.562270 3.565170 0.421760 11.072650 0.486630 0.465360 0.608000 0.552140 0.532630 0.406030 0.891270 0.452020 0.914070 1.475600 1.277790 1.497880 1.327990 0.858840 1.049640 0.824770 0.544370 0.299880 0.751100 0.466600 0.280390
0.283970 1.410500 1.004970 0.940310 1.427010 0.974880 1.832110 1.061530 1.446470 0.930400 1.858880 0.104270 0.060000 1.128530 3.666380 0.707440 1.125270 1.547300 0.600770 2.007970 1.014330 0.905970 0.688420 0.372830 0.859020 1.576110 0.088220 0.806340 1.567540 3.341370 1.718420 3.462050 1.833500 1.112060 1.097540 0.267770 0.824350 0.628550 1.730680 0.895970 0.294890 0.747640 2.617670 4.254900 3.997570 5.639640 7.789010 0.917430 24.297251 0.957580 0.975570 1.130240 1.205410 1.109930 0.888100 1.925010 0.878840 1.953890 3.247910 2.754440 3.238850 2.903490 1.890420 2.243100 1.815400 1.137710 0.632900 1.647200 1.027070 0.609540
0.353350 1.724910 1.229960 1.151030 1.745050 1.193210 2.236090 1.302360 1.772180 1.138940 2.272130 0.132070 0.080000 1.377380 4.478190 0.866820 1.376780 1.891850 0.731960 2.457480 1.237990 1.102150 0.840220 0.461810 1.051820 1.923640 0.107620 0.984130 1.919950 4.078150 2.100710 4.228820 2.234680 1.357250 1.341430 0.333570 1.009510 0.768190 2.114020 1.096900 0.363290 0.907720 3.198240 5.191750 4.879030 6.883150 9.509870 1.119720 29.658171 1.173800 1.189530 1.383470 1.471210 1.358030 1.083920 2.345390 1.079400 2.388110 3.964040 3.365180 3.956400 3.541800 2.307240 2.741080 2.215700 1.391980 0.772400 2.010380 1.253520 0.743950
0.127230 0.444450 0.322690 0.303280 0.449420 0.313660 0.550040 0.360690 0.650970 0.413770 0.809540 0.090000 0.060000 0.481030 0.437670 0.233380 0.358820 0.298140 0.183710 0.702580 0.432330 0.393660 0.293420 0.193330 0.383360 1.243100 0.074050 0.635970 0.229000 0.382290 0.219270 0.414750 0.331430 0.612190 0.484220 0.148550 0.368580 0.392090 1.369470 0.713000 0.238920 0.586650 0.322190 0.492580 0.455430 0.632260 0.899870 0.723610 7.963280 0.765940 0.766550 0.903800 0.950720 0.881740 0.700450 1.516250 0.151790 0.245980 0.364090 0.335420 0.389740 0.484080 0.734460 1.074430 0.705320 0.460370 0.499150 1.299170 0.810060 0.480740
1.818780 10.870310 7.685950 7.178130 10.999860 7.449580 14.386440 7.924300 11.794330 7.650630 15.508820 0.344140 0.060000 9.551500 11.536110 5.349660 8.630570 7.292420 4.709440 15.636190 8.585030 7.601290 5.826780 2.707720 7.046640 14.236540 0.496910 7.283510 4.830110 10.576590 5.372480 10.889600 7.486760 9.629090 9.163650 1.906580 6.827820 5.373050 15.498130 7.852020 2.422710 6.706210 8.217830 13.465980 12.652090 17.844740 24.580759 8.287090 72.194206 8.274440 8.690590 9.524150 10.888230 9.784770 8.022000 17.332529 2.650980 6.117530 10.276940 8.650600 10.183360 12.547330 18.313419 21.167400 17.586769 10.761070 5.716760 14.878780 9.277170 5.505910
0.147110 0.385280 0.293590 0.276180 0.389030 0.282540 0.464080 0.325890 0.555040 0.361090 0.671570 0.120000 0.080000 0.397370 0.379810 0.223260 0.317960 0.271000 0.186150 0.604110 0.372790 0.345300 0.269300 0.194610 0.341490 1.005220 0.088560 0.518930 0.222590 0.335610 0.212630 0.361840 0.296470 0.510700 0.416360 0.162050 0.328050 0.344060 1.128190 0.595820 0.213900 0.485100 0.293560 0.423850 0.406540 0.534140 0.752960 0.597650 6.424980 0.653820 0.647820 0.792150 0.776670 0.738190 0.569530 1.232060 0.164330 0.234250 0.321120 0.302310 0.342200 0.416230 0.606200 0.895070 0.583350 0.398380 0.422150 1.060210 0.655500 0.397150
0.175730 0.630140 0.456780 0.429130 0.637200 0.443900 0.783190 0.508130 1.023030 0.652400 1.283930 0.121550 0.080000 0.767560 0.593730 0.329580 0.508200 0.414470 0.263300 1.028510 0.689890 0.625880 0.468200 0.292770 0.603870 1.627030 0.103650 0.832370 0.309560 0.526410 0.297080 0.562620 0.482050 0.890610 0.764810 0.221310 0.580290 0.549790 1.794080 0.933930 0.313440 0.773190 0.439950 0.670140 0.629080 0.862140 1.221550 0.947080 10.329430 1.005010 1.004380 1.196320 1.244350 1.154790 0.916790 1.990200 0.204680 0.336020 0.495700 0.454870 0.528630 0.645440 0.954020 1.404050 0.915970 0.601550 0.655660 1.700410 1.060240 0.629230
0.617910 3.056120 2.185570 2.044470 3.089830 2.116100 3.981120 2.287750 4.370900 2.835840 5.674180 0.252600 0.120000 3.473630 3.005520 1.545470 2.439740 2.006550 1.339650 4.751220 3.137400 2.792960 2.146820 1.087680 2.621140 8.950600 0.369730 4.583850 1.342830 2.733060 1.445280 2.841270 2.258730 4.425350 3.370730 0.791970 2.532030 2.719590 9.770240 4.981270 1.569270 4.228350 2.168490 3.476610 3.275090 4.577400 6.334270 5.222670 57.080570 5.274860 5.439550 6.113000 6.852560 6.202310 5.046580 10.892570 0.792420 1.633710 2.651020 2.275830 2.661570 3.408720 5.301150 7.589950 5.091670 3.170840 3.614290 9.363040 5.833080 3.470000
0.115470 0.342790 0.254670 0.238090 0.345440 0.243340 0.416960 0.286140 0.504480 0.319550 0.616310 0.090000 0.060000 0.362640 0.336600 0.187540 0.277300 0.233190 0.152190 0.543290 0.329380 0.303500 0.230830 0.160280 0.300580 0.934950 0.067570 0.478320 0.187100 0.294220 0.178000 0.319370 0.256700 0.461770 0.371630 0.129880 0.287790 0.302840 1.037420 0.543670 0.187130 0.446290 0.254540 0.379720 0.354430 0.484760 0.685470 0.544220 5.997850 0.590940 0.583960 0.707650 0.715030 0.670600 0.526820 1.144980 0.132080 0.197730 0.280690 0.263100 0.300550 0.371520 0.552390 0.820050 0.530490 0.355300 0.376850 0.977110 0.609240 0.361570
0.134710 0.315310 0.243110 0.228570 0.318370 0.234730 0.370000 0.275220 0.454060 0.296400 0.540220 0.120000 0.080000 0.316310 0.311120 0.187800 0.262540 0.225170 0.156930 0.495840 0.298730 0.284020 0.217990 0.172140 0.280850 0.795770 0.084670 0.411760 0.194110 0.276420 0.177730 0.297010 0.245670 0.407090 0.339810 0.145720 0.269570 0.283050 0.895140 0.480720 0.178690 0.386840 0.246400 0.344950 0.336180 0.425330 0.605840 0.475750 4.947160 0.534870 0.523740 0.659830 0.615680 0.594690 0.451500 0.961120 0.147390 0.197750 0.257010 0.249460 0.281600 0.339720 0.482410 0.716170 0.464490 0.325110 0.337480 0.840300 0.519010 0.316150
0.094000 0.315760 0.232350 0.218830 0.316350 0.225620 0.393390 0.251500 0.455690 0.294070 0.568340 0.060000 0.040000 0.342430 0.307260 0.173080 0.255170 0.215460 0.147810 0.492410 0.313080 0.280870 0.222010 0.137250 0.275210 0.874390 0.056670 0.447340 0.160590 0.275320 0.163850 0.293630 0.237240 0.435350 0.342840 0.107950 0.263730 0.278560 0.962700 0.500410 0.166950 0.419230 0.231690 0.350090 0.334200 0.457770 0.636190 0.510640 5.604480 0.536550 0.538090 0.638360 0.670240 0.619230 0.493480 1.072410 0.110070 0.181130 0.268260 0.240570 0.275850 0.339600 0.519820 0.761100 0.499090 0.327310 0.356660 0.914640 0.569790 0.340100
0.103590 0.412000 0.296840 0.278480 0.416690 0.288300 0.520240 0.324390 0.598950 0.382980 0.757310 0.060630 0.040000 0.454970 0.405580 0.212360 0.331010 0.273610 0.173120 0.647750 0.408930 0.368310 0.277530 0.166110 0.354220 1.175740 0.060980 0.601510 0.199850 0.359960 0.199020 0.383920 0.305100 0.579030 0.449610 0.123750 0.340230 0.362470 1.286930 0.665990 0.217600 0.553830 0.295460 0.458390 0.429110 0.597990 0.842720 0.684390 7.523350 0.707840 0.716630 0.831610 0.899220 0.825600 0.662500 1.433300 0.126820 0.223980 0.344370 0.308880 0.360240 0.449780 0.694690 1.007830 0.667110 0.427060 0.472110 1.228770 0.766170 0.454690
0.090000 0.127380 0.110520 0.107830 0.128060 0.109270 0.136140 0.121630 0.137630 0.107410 0.146010 0.090000 0.060000 0.086900 0.221150 0.098150 0.115510 0.133060 0.090600 0.180960 0.104710 0.105460 0.095940 0.093000 0.107790 0.125500 0.060000 0.073510 0.142660 0.200250 0.140170 0.212640 0.144200 0.106200 0.114280 0.090000 0.104210 0.094680 0.160570 0.105980 0.061010 0.078000 0.177550 0.241500 0.246320 0.294410 0.412500 0.099170 1.091540 0.137200 0.128810 0.200830 0.110960 0.134870 0.077010 0.127450 0.114030 0.149960 0.194990 0.183240 0.203370 0.185590 0.138570 0.184250 0.135440 0.116030 0.090770 0.148590 0.082680 0.066670
0.106270 0.264970 0.202570 0.191730 0.267530 0.197120 0.315270 0.225960 0.285900 0.190200 0.334790 0.090000 0.060000 0.195730 0.621450 0.155880 0.220540 0.286270 0.130340 0.383650 0.191070 0.182850 0.145480 0.118710 0.182930 0.275420 0.060000 0.145550 0.305190 0.555200 0.312910 0.589390 0.328160 0.203150 0.215930 0.104370 0.175550 0.142480 0.325030 0.184830 0.081250 0.144910 0.457910 0.709410 0.667190 0.928530 1.294870 0.174560 3.990360 0.219370 0.205400 0.293010 0.219240 0.228320 0.159130 0.333080 0.197500 0.349580 0.537540 0.477740 0.552850 0.492930 0.324360 0.408310 0.312670 0.222480 0.134230 0.297350 0.179920 0.116890
0.115390 0.351620 0.259860 0.242160 0.355480 0.250130 0.427900 0.293330 0.383020 0.241240 0.456090 0.090000 0.060000 0.264330 0.877210 0.190240 0.285160 0.383480 0.155630 0.513840 0.242610 0.228760 0.177070 0.133390 0.230860 0.367170 0.060000 0.187850 0.411220 0.782600 0.423360 0.829610 0.446220 0.260950 0.278610 0.112510 0.218870 0.170350 0.428670 0.232480 0.093680 0.187720 0.632870 1.001310 0.934180 1.313950 1.837740 0.219190 5.692570 0.268510 0.249260 0.348930 0.285780 0.283820 0.209680 0.464140 0.250780 0.478230 0.756700 0.664750 0.777620 0.686820 0.440410 0.551370 0.422930 0.289440 0.161650 0.387030 0.239270 0.146060
0.141070 0.466840 0.347350 0.325300 0.471830 0.335310 0.584570 0.372410 0.488640 0.323620 0.602220 0.090000 0.060000 0.362470 1.148020 0.257240 0.380710 0.508140 0.223520 0.668180 0.341020 0.309700 0.248930 0.165300 0.305620 0.505900 0.064090 0.263480 0.525210 1.042840 0.559820 1.086320 0.590020 0.367930 0.372440 0.136650 0.293650 0.231950 0.576380 0.312520 0.122230 0.252170 0.831340 1.320710 1.250150 1.732910 2.402860 0.312930 7.383220 0.350260 0.344630 0.438610 0.399440 0.388580 0.291180 0.607780 0.317250 0.630930 1.010690 0.872650 1.018920 0.912690 0.600800 0.732790 0.578150 0.386150 0.232550 0.541220 0.330110 0.207940
0.115070 0.327800 0.246190 0.233170 0.331120 0.240130 0.398670 0.271540 0.349010 0.231180 0.418030 0.090000 0.060000 0.247080 0.781770 0.186310 0.270400 0.355320 0.150660 0.472000 0.234100 0.221680 0.168520 0.132950 0.216820 0.347150 0.060000 0.182260 0.373370 0.702390 0.389750 0.740650 0.409300 0.253760 0.264430 0.111800 0.209840 0.169520 0.401760 0.224260 0.093300 0.175580 0.570730 0.886010 0.844450 1.164890 1.621400 0.214600 4.933510 0.260110 0.247910 0.337740 0.272550 0.277300 0.198710 0.414980 0.234770 0.437150 0.683590 0.598260 0.695730 0.614360 0.410410 0.505350 0.395320 0.272900 0.157340 0.371450 0.226660 0.142650
0.108540 0.292530 0.218890 0.206690 0.292660 0.212630 0.349150 0.247510 0.323590 0.206110 0.377690 0.090000 0.060000 0.219460 0.688580 0.166590 0.238520 0.311160 0.136580 0.427790 0.205320 0.196860 0.152690 0.123850 0.196410 0.311930 0.060000 0.160150 0.333030 0.613280 0.340620 0.651580 0.360470 0.221400 0.236850 0.105750 0.187210 0.152230 0.371430 0.203390 0.085590 0.163210 0.504810 0.784000 0.737630 1.030040 1.435990 0.189060 4.629660 0.237210 0.220730 0.314270 0.245630 0.247230 0.179490 0.398430 0.210950 0.383700 0.594340 0.526440 0.611150 0.566700 0.447040 0.535840 0.429300 0.291950 0.141520 0.332020 0.203050 0.125170
0.135870 0.473840 0.346880 0.323720 0.479140 0.333770 0.590970 0.382000 0.591110 0.375720 0.730580 0.090000 0.060000 0.433060 0.725240 0.250950 0.382150 0.388000 0.207070 0.714490 0.392690 0.358510 0.273750 0.179830 0.352340 0.858830 0.069390 0.439380 0.348230 0.646470 0.352800 0.686190 0.433200 0.488940 0.438200 0.142810 0.337380 0.306570 0.955420 0.501860 0.174340 0.412900 0.527780 0.825720 0.772780 1.078590 1.513480 0.499910 8.847270 0.547710 0.538850 0.661840 0.656830 0.618460 0.483930 1.056210 0.216550 0.399270 0.620970 0.550880 0.643510 1.174770 2.590630 2.682120 2.487860 1.548030 0.348220 0.897560 0.559640 0.332470
0.270210 1.170770 0.844480 0.792430 1.184050 0.820240 1.504120 0.895840 1.496700 0.973540 1.915580 0.130240 0.080000 1.165010 1.602750 0.605080 0.941270 0.901960 0.512520 1.763580 1.059130 0.946460 0.728480 0.407400 0.901140 2.539380 0.135430 1.303830 0.729580 1.447920 0.776300 1.516070 1.008650 1.378460 1.141210 0.300790 0.865950 0.837520 2.778380 1.438750 0.471740 1.202940 1.157810 1.838750 1.735970 2.422640 3.361820 1.490690 21.875130 1.529790 1.563880 1.798460 1.949210 1.789400 1.434000 3.077760 0.437390 0.876210 1.407920 1.215860 1.421370 2.438300 5.138090 5.538070 4.935400 3.053160 1.037640 2.662580 1.655240 0.990470
0.135530 0.480420 0.350020 0.327010 0.485800 0.338260 0.597850 0.386780 0.598980 0.380020 0.740960 0.090000 0.060000 0.438700 0.735550 0.252610 0.387360 0.393320 0.205480 0.724180 0.397120 0.361850 0.275380 0.181600 0.355840 0.871570 0.066900 0.445890 0.352500 0.654170 0.357580 0.695910 0.439200 0.494910 0.444270 0.142430 0.340300 0.310240 0.969130 0.508870 0.176480 0.416630 0.533510 0.835240 0.781470 1.094240 1.535500 0.507320 8.976390 0.554950 0.546410 0.667680 0.666580 0.627190 0.491100 1.068580 0.218880 0.403280 0.630180 0.558600 0.652600 1.189610 2.629070 2.721440 2.524740 1.570540 0.351810 0.910870 0.567950 0.337070
0.104650 0.271660 0.204290 0.191510 0.271690 0.196180 0.321570 0.233270 0.372840 0.237000 0.442660 0.090000 0.060000 0.258460 0.335440 0.154800 0.219730 0.204300 0.123880 0.421150 0.237330 0.224900 0.170310 0.133760 0.223550 0.587600 0.061590 0.300630 0.186610 0.293230 0.173440 0.318270 0.228600 0.311170 0.273480 0.112340 0.214610 0.212510 0.665790 0.353380 0.130540 0.286590 0.252700 0.376580 0.350760 0.479950 0.681720 0.347120 4.694130 0.393690 0.379390 0.486360 0.454020 0.434680 0.333720 0.727180 0.129860 0.195870 0.275980 0.260380 0.299510 0.469550 0.915010 1.049930 0.878690 0.566170 0.246310 0.617000 0.382910 0.230780
0.145930 0.518040 0.380550 0.358620 0.523630 0.370330 0.651150 0.409550 0.737360 0.483400 0.930320 0.090230 0.060000 0.563220 0.510370 0.279660 0.421320 0.352800 0.233310 0.805630 0.518240 0.464490 0.361370 0.220580 0.449040 1.433780 0.086030 0.738180 0.260850 0.453750 0.263740 0.484500 0.390390 0.721330 0.562940 0.170000 0.432350 0.458900 1.576190 0.821280 0.275930 0.681250 0.377590 0.572830 0.546090 0.743970 1.042300 0.847120 9.116910 0.877180 0.891770 1.036030 1.103610 1.021860 0.810990 1.741310 0.173660 0.293550 0.441180 0.394900 0.456240 0.562780 0.859410 1.239430 0.826500 0.536010 0.593680 1.507090 0.934760 0.562890
0.198740 0.751280 0.545170 0.509300 0.759760 0.526810 0.945180 0.596010 1.094200 0.698620 1.377830 0.121980 0.080000 0.825510 0.739610 0.391620 0.604310 0.500160 0.324430 1.182760 0.744400 0.671350 0.510720 0.308830 0.649660 2.133330 0.118800 1.091410 0.370040 0.656470 0.366080 0.700320 0.557290 1.050620 0.819520 0.233210 0.622110 0.661410 2.340040 1.212120 0.398530 1.010100 0.544720 0.836090 0.787370 1.091010 1.532810 1.241790 13.654590 1.292940 1.304750 1.523730 1.631580 1.501730 1.202090 2.605320 0.238440 0.414300 0.627730 0.565550 0.657350 0.820890 1.260470 1.835240 1.210440 0.778580 0.856620 2.229550 1.390160 0.825030
0.102190 0.403380 0.290760 0.272800 0.407970 0.282410 0.508810 0.318140 0.586680 0.375020 0.741120 0.060000 0.040000 0.444980 0.397110 0.208130 0.324170 0.268040 0.167560 0.634400 0.399930 0.359470 0.271440 0.163340 0.346870 1.149920 0.058200 0.588300 0.196340 0.351080 0.195090 0.375930 0.298830 0.566310 0.440190 0.121920 0.333200 0.354960 1.259060 0.651790 0.213260 0.541660 0.288350 0.447910 0.418370 0.584870 0.824660 0.669350 7.358570 0.693010 0.701350 0.812040 0.879450 0.807920 0.647960 1.400000 0.124910 0.219510 0.336810 0.302530 0.352770 0.440050 0.679420 0.986140 0.652440 0.418120 0.461730 1.201790 0.749340 0.444720
0.082550 0.282280 0.205230 0.192950 0.285420 0.199520 0.348090 0.230280 0.414000 0.262880 0.513330 0.060000 0.040000 0.304410 0.277980 0.148710 0.228090 0.189690 0.114880 0.446640 0.273600 0.250140 0.185690 0.124380 0.243620 0.786680 0.046220 0.402460 0.146950 0.242320 0.139770 0.263490 0.210750 0.387410 0.307450 0.096040 0.234260 0.249140 0.867670 0.452230 0.152210 0.370560 0.203580 0.312740 0.287360 0.400120 0.570480 0.457910 5.040510 0.486740 0.486120 0.574180 0.601660 0.559010 0.443280 0.957770 0.098090 0.156490 0.230420 0.213290 0.247650 0.307360 0.464790 0.680960 0.446350 0.292360 0.315890 0.822160 0.512650 0.304240

0.000000 16.472086 21.942303 23.318615 22.836941 18.153027 18.600570 26.873000 29.427443 34.861941 40.793766 46.422676 50.951430 51.270781 31.286135 30.292979 32.411658 34.702988 32.665658 30.976457 35.277129 36.779512 36.855094 40.890227 41.647965 44.253934 44.479980 54.004996 33.538535 36.481879 38.904238 37.956812 40.316074 41.250461 43.376223 42.833344 44.775207 45.641125 48.237422 50.922336 54.313555 54.123039 43.482781 41.896520 43.213895 45.041480 47.150172 44.978004 48.941563 47.004262 47.418914 48.930008 48.502723 50.148008 53.281813 56.594086 49.252945 48.673133 48.710711 48.035754 50.075277 50.018156 51.129562 49.897355 52.427516 53.683137 51.214609 53.792133 54.097895 54.838145
16.472086 0.000000 6.863516 11.190115 12.097687 24.275500 16.895238 15.551848 21.124268 26.418996 32.717240 40.698520 45.361730 47.547883 14.846110 14.040940 16.856178 19.218473 18.321955 18.081904 21.823820 23.551252 25.043564 28.176488 29.279373 32.539123 33.108922 43.404172 17.108715 20.024148 22.528387 22.122047 25.176025 26.695156 28.911910 28.715000 30.994242 32.207889 35.049617 38.605145 42.107535 42.480609 27.044801 25.657400 27.042346 28.859395 31.041277 29.424746 33.209395 31.677178 32.188961 33.655242 33.736113 36.257961 39.688082 43.886539 34.014512 32.969527 32.313227 31.563689 33.629883 33.744523 35.228816 34.272406 36.644172 37.893301 35.826977 38.391383 39.026910 39.941668
21.942303 6.863516 0.000000 5.524149 7.153132 24.966438 15.720996 9.545901 15.888549 20.738955 26.901969 35.407004 40.000473 42.749113 11.574266 8.798826 10.482084 12.800516 11.479067 11.347985 14.969239 16.704572 18.394695 21.352002 22.486838 25.814217 26.436238 36.780977 13.698413 15.475052 17.422381 16.015880 18.595891 19.934059 22.141180 21.888783 24.143242 25.345098 28.186299 31.777500 35.280160 35.708246 23.080957 20.127996 21.373307 23.199354 25.255869 23.089963 27.014471 25.213600 25.678705 27.171043 27.057594 29.425443 32.837871 37.028336 32.431650 30.744912 28.451639 27.046973 28.702414 28.237434 29.187262 27.997248 30.494957 31.750498 29.406904 31.984104 32.467719 33.321695
23.318615 11.190115 5.524149 0.000000 1.936754 22.049703 12.124804 4.363473 10.379172 15.377573 21.624217 29.948857 34.564348 37.229988 15.526132 11.477023 10.879487 12.728977 9.629562 7.692423 11.960721 13.497485 14.177729 17.804729 18.726740 21.739795 22.201514 32.384391 17.348551 18.010307 19.180979 16.335591 17.535396 18.070875 20.138998 19.528926 21.461291 22.376975 25.049496 28.117750 31.593072 31.740918 25.709893 21.139797 22.105814 23.857979 25.630643 22.485191 26.578172 24.206941 24.528578 26.048920 25.322518 26.835225 30.016467 33.636820 36.463113 34.433512 30.982701 28.993135 30.140588 28.936848 28.988252 27.360256 30.054625 31.292906 28.393049 30.943412 31.011146 31.661693
22.836941 12.097687 7.153132 1.936754 0.000000 20.330133 10.337923 4.065873 9.060064 14.327225 20.635023 28.675436 33.322078 35.778301 17.462521 13.387644 12.544494 14.259329 10.813141 8.266171 12.612901 14.010063 14.135317 18.056836 18.855354 21.657725 22.021291 32.036434 19.281986 19.873023 20.944770 17.880717 18.727227 19.005273 20.994031 20.263369 22.043898 22.829783 25.401045 28.198955 31.638613 31.641080 27.556588 22.768713 23.674170 25.398910 27.099182 23.739643 27.843367 25.333074 25.609453 27.125264 26.210889 27.399346 30.463572 33.813211 38.398461 36.357535 32.806539 30.740902 31.800666 30.457717 30.299596 28.566006 31.296957 32.523924 29.484346 32.010836 31.949230 32.529295
18.153027 24.275500 24.966438 22.049703 20.330133 0.000000 10.042000 22.808898 20.775621 24.662027 29.017031 31.816041 35.891949 34.956187 36.540211 33.231980 32.874555 34.531809 30.734799 27.348244 31.293547 32.121486 30.193746 34.684664 34.823480 36.138426 35.886000 43.412070 38.640437 39.923934 41.230031 38.148848 38.403090 38.002016 39.645262 38.547992 39.636418 39.816867 41.705551 42.812199 45.725238 44.798754 47.643000 43.086195 43.946293 45.637000 47.226465 43.456262 47.524836 44.675812 44.810195 46.273902 44.748102 44.558895 46.881789 48.525895 57.315543 55.710211 52.962781 51.042812 52.126730 50.654141 50.070098 48.075250 50.870820 52.049520 48.627215 51.020734 50.488113 50.772801
18.600570 16.895238 15.720996 12.124804 10.337923 10.042000 0.000000 12.822544 11.995960 16.926014 22.466813 27.853033 32.420367 33.160270 27.149316 23.499688 22.870592 24.493422 20.709195 17.409939 21.481160 22.448656 20.998416 25.459879 25.800521 27.636900 27.589900 36.277676 29.148107 30.116230 31.280637 28.108939 28.435734 28.182889 29.925215 28.916256 30.213121 30.579129 32.715049 34.425793 37.586453 36.994574 37.825734 33.057621 33.905859 35.595000 37.192687 33.492684 37.576711 34.802965 34.974156 36.457059 35.094574 35.326625 37.922348 40.198160 48.109797 46.287449 43.107031 41.078820 42.103754 40.614152 40.105316 38.169844 40.954754 42.147973 38.820090 41.259031 40.864562 41.242328
26.873000 15.551848 9.545901 4.363473 4.065873 22.808898 12.822544 0.000000 6.696115 11.198480 17.364707 25.915631 30.483197 33.432555 17.687738 13.069866 10.885002 12.063464 7.970954 4.626014 8.879641 10.129446 10.072435 14.019809 14.793389 17.606566 17.996453 28.092877 19.165070 18.898830 19.384732 15.600970 15.613209 15.489416 17.361078 16.510947 18.156121 18.860773 21.383283 24.133100 27.574180 27.598504 26.343070 20.647031 21.347428 22.969402 24.458209 20.670182 24.755912 22.027189 22.232336 23.730838 22.580172 23.482105 26.477670 29.751180 38.141715 35.810480 31.400006 28.971732 29.680137 27.922156 27.282807 25.366746 28.144465 29.344621 26.097549 28.577291 28.350109 28.850209
29.427443 21.124268 15.888549 10.379172 9.060064 20.775621 11.995960 6.696115 0.000000 5.559071 11.825759 19.617699 24.262018 26.865264 24.267061 19.548623 16.726102 17.321957 12.903108 8.996761 11.642239 11.961601 9.452979 13.929983 14.052423 15.651409 15.595346 24.604813 25.619006 24.910145 24.919834 20.522445 19.176457 18.046289 19.373848 18.124314 18.958242 19.052529 20.950834 22.435432 25.593131 25.054016 32.028570 25.536670 25.941797 27.358438 28.461947 24.013332 27.885609 24.746707 24.751281 26.134119 24.281533 23.788004 26.143318 28.206914 44.385156 41.892605 36.835859 34.066543 34.330094 32.000359 30.482336 28.214998 31.013160 32.114852 28.430027 30.692227 29.937672 30.124578
34.861941 26.418996 20.738955 15.377573 14.327225 24.662027 16.926014 11.198480 5.559071 0.000000 6.318340 14.778781 19.300969 22.577021 27.669570 22.836621 19.250402 19.183445 14.962137 11.507921 12.226831 11.720755 7.922399 11.662836 11.219898 11.647222 11.270478 19.353344 28.692695 27.260105 26.654793 21.810129 19.298318 17.410316 18.148449 16.691023 16.779350 16.379305 17.657393 18.184738 21.065611 20.228314 33.741734 26.526053 26.608346 27.758717 28.441260 23.592025 27.081809 23.735955 23.568299 24.780959 22.443484 20.881307 22.662432 23.870654 46.776246 44.026777 38.129020 35.009824 34.776910 31.929752 29.640104 27.149467 29.859539 30.839113 26.914102 28.909738 27.754191 27.688084
40.793766 32.717240 26.901969 21.624217 20.635023 29.017031 22.466813 17.364707 11.825759 6.318340 0.000000 9.345775 13.517009 17.625494 32.944656 28.131375 24.158354 23.627451 19.803100 16.883410 16.328615 15.246367 11.228763 13.131900 12.053642 10.478175 9.544291 14.421640 33.719535 31.775369 30.692881 25.669818 22.288963 19.829980 19.873645 18.338402 17.526082 16.521873 16.744088 15.580377 17.715764 16.302886 37.576516 29.923514 29.706656 30.559047 30.798311 25.767971 28.671730 25.273039 24.922773 25.869705 23.100982 20.244334 21.040348 20.738949 51.013305 48.068207 41.495922 38.112750 37.403098 34.112988 31.079219 28.445430 30.939404 31.740785 27.700703 29.284418 27.678016 27.285576
46.422676 40.698520 35.407004 29.948857 28.675436 31.816041 27.853033 25.915631 19.617699 14.778781 9.345775 0.000000 4.680124 8.352433 42.195711 37.368031 33.473703 32.973219 29.116395 26.050695 25.673572 24.560039 20.563150 22.034695 20.792096 18.358049 17.215441 16.553102 43.030590 41.120508 39.998230 34.963883 31.414607 28.818217 28.585174 27.069699 25.851578 24.557734 24.005582 21.327684 22.164443 20.063660 46.825660 39.093984 38.786813 39.522770 39.568004 34.534703 37.078109 33.731070 33.288383 34.048527 31.102225 27.442963 27.259187 25.129010 60.319859 57.341723 50.596730 47.134324 46.227187 42.753141 39.345160 36.682160 38.976770 39.636152 35.625383 36.858840 34.948859 34.293363
50.951430 45.361730 40.000473 34.564348 33.322078 35.891949 32.420367 30.483197 24.262018 19.300969 13.517009 4.680124 0.000000 5.895810 46.457980 41.647656 37.637016 36.988621 33.289043 30.389199 29.689295 28.453465 24.545164 25.487600 24.151123 21.305838 20.123113 16.951201 47.196004 45.098414 43.801625 38.756980 34.965918 32.245547 31.773041 30.296342 28.808154 27.361355 26.379816 23.047055 23.192018 20.903258 50.487602 42.657305 42.234867 42.835938 42.690922 37.698078 39.919906 36.651324 36.144887 36.759434 33.738117 29.670459 28.950494 25.962461 64.086293 61.030152 54.020113 50.472582 49.359504 45.736855 42.056141 39.400816 41.524652 42.076621 38.137660 39.120730 37.049785 36.246629
51.270781 47.547883 42.749113 37.229988 35.778301 34.956187 33.160270 33.432555 26.865264 22.577021 17.625494 8.352433 5.895810 0.000000 50.220156 45.385023 41.617504 41.217047 37.265879 34.041852 33.933867 32.870297 28.853033 30.378109 29.120293 26.559775 25.396100 22.846475 51.151082 49.371125 48.316012 43.288090 39.767039 37.163414 36.887727 35.379648 34.078246 32.720135 31.946568 28.815768 29.072242 26.792799 55.168207 47.445902 47.136758 47.858480 47.864066 42.837215 45.277781 41.957055 41.489238 42.187906 39.201230 35.304406 34.741902 31.856260 68.637523 65.677414 58.946785 55.475926 54.529578 51.010121 47.491230 44.828613 47.042836 47.645105 43.668324 44.759012 42.742523 41.983992
31.286135 14.846110 11.574266 15.526132 17.462521 36.540211 27.149316 17.687738 24.267061 27.669570 32.944656 42.195711 46.457980 50.220156 0.000000 4.835143 8.983440 10.362729 13.231266 16.178308 17.119891 18.674537 22.153195 22.956373 24.393021 28.037563 29.016217 38.983801 2.267925 5.763970 8.779234 10.991396 15.534622 18.175758 20.163787 20.736375 23.276230 24.935814 27.789625 32.295746 35.585383 36.735648 12.200021 12.342343 13.888429 15.540148 17.843018 17.977037 20.947613 20.562258 21.252887 22.473076 23.664799 27.614803 31.211258 36.450227 20.985078 19.176004 17.476637 16.827602 19.120736 19.904629 22.410281 22.207916 24.052496 25.227578 24.213648 26.585244 27.874715 29.077773
30.292979 14.040940 8.798826 11.477023 13.387644 33.231980 23.499688 13.069866 19.548623 22.836621 28.131375 37.368031 41.647656 45.385023 4.835143 0.000000 4.504463 6.422937 8.515795 11.343178 12.505055 14.136793 17.444365 18.596482 20.002625 23.645182 24.570895 34.706617 6.095217 6.735571 8.667476 8.384337 12.292038 14.569934 16.710377 17.026252 19.551023 21.114574 24.021457 28.344709 31.728686 32.704852 14.433041 11.626519 13.001433 14.818907 17.004930 15.797770 19.360914 18.233498 18.836326 20.215873 20.855539 24.291301 27.884018 32.854160 25.146197 22.987287 19.784582 18.250447 19.939916 19.735625 21.259539 20.496791 22.734707 23.973189 22.235109 24.750943 25.672676 26.736305
32.411658 16.856178 10.482084 10.879487 12.544494 32.874555 22.870592 10.885002 16.726102 19.250402 24.158354 33.473703 37.637016 41.617504 8.983440 4.504463 0.000000 2.362846 4.357315 7.869769 8.137318 9.703306 13.200988 14.100715 15.514090 19.159520 20.101615 30.205846 9.561428 8.186304 8.523091 5.623227 8.380170 10.315011 12.510248 12.679771 15.177339 16.694688 19.609887 23.871115 27.273807 28.213289 15.463896 10.263138 11.282119 13.068292 14.974540 12.621958 16.533205 14.822508 15.334158 16.799260 17.008113 20.080357 23.648342 28.481691 27.708582 25.166920 20.526939 18.239229 19.265438 18.158895 18.735035 17.519564 20.016338 21.271969 18.985602 21.556629 22.178969 23.124729
34.702988 19.218473 12.800516 12.728977 14.259329 34.531809 24.493422 12.063464 17.321957 19.183445 23.627451 32.973219 36.988621 41.217047 10.362729 6.422937 2.362846 0.000000 4.420467 8.326953 7.304962 8.609798 12.444428 12.636184 14.084479 17.718115 18.727824 28.621916 10.470021 8.154445 7.608600 3.621732 6.042447 8.149812 10.306392 10.607591 13.137718 14.724796 17.622240 22.014438 25.363145 26.420648 14.733978 8.599104 9.418510 11.141337 12.912610 10.289462 14.243305 12.462217 12.971342 14.437645 14.676455 17.890572 21.476822 26.435189 27.597535 24.857486 19.530260 16.930430 17.649617 16.211122 16.499861 15.199920 17.734357 18.989420 16.631529 19.204613 19.816570 20.767723
32.665658 18.321955 11.479067 9.629562 10.813141 30.734799 20.709195 7.970954 12.903108 14.962137 19.803100 29.116395 33.289043 37.265879 13.231266 8.515795 4.357315 4.420467 0.000000 3.913343 4.068330 5.795352 8.931958 10.457469 11.783188 15.375423 16.225988 26.506598 13.916771 12.311255 12.026792 7.735066 7.922846 8.595663 10.758816 10.415291 12.673739 13.935745 16.816605 20.692385 24.172756 24.861713 19.148414 12.798670 13.409129 15.005352 16.496971 12.926814 17.030797 14.577922 14.902326 16.422867 15.838461 17.946912 21.366502 25.713537 31.854191 29.192336 23.938297 21.256936 21.779350 19.952121 19.498020 17.761574 20.484662 21.713547 18.764137 21.317316 21.453471 22.172488
30.976457 18.081904 11.347985 7.692423 8.266171 27.348244 17.409939 4.626014 8.996761 11.507921 16.883410 26.050695 30.389199 34.041852 16.178308 11.343178 7.869769 8.326953 3.913343 0.000000 4.346771 5.807598 7.079521 10.187523 11.215515 14.470282 15.091727 25.447811 17.193836 16.032055 15.923304 11.611336 11.059274 10.868976 12.776027 11.999632 13.807525 14.685353 17.364992 20.586182 24.082051 24.398980 23.035533 16.665176 17.198861 18.730693 20.077988 16.108883 20.178184 17.406674 17.606605 19.104830 17.998766 19.176230 22.325963 26.015840 35.573285 32.986816 27.851332 25.152848 25.593182 23.581541 22.722236 20.760297 23.545020 24.738520 21.471543 23.953389 23.759740 24.295410
35.277129 21.823820 14.969239 11.960721 12.612901 31.293547 21.481160 8.879641 11.642239 12.226831 16.328615 25.673572 29.689295 33.933867 17.119891 12.505055 8.137318 7.304962 4.068330 4.346771 0.000000 1.768562 5.144993 6.475226 7.750230 11.317087 12.157820 22.451326 17.595338 15.446940 14.503720 9.591102 7.535180 6.710179 8.487405 7.655190 9.500959 10.486440 13.262043 16.845234 20.344133 20.912895 21.545443 14.331115 14.521384 15.821703 16.828436 12.412679 16.371002 13.393939 13.516851 14.986219 13.702352 14.875026 18.099621 22.063525 34.767418 31.915072 25.910252 22.853801 22.838885 20.367260 18.957039 16.821906 19.626504 20.783324 17.345357 19.778338 19.474871 19.973482
36.779512 23.551252 16.704572 13.497485 14.010063 32.121486 22.448656 10.129446 11.961601 11.720755 15.246367 24.560039 28.453465 32.870297 18.674537 14.136793 9.703306 8.609798 5.795352 5.807598 1.768562 0.000000 4.048983 4.706673 5.992426 9.581640 10.453184 20.711330 19.034482 16.652512 15.446527 10.429272 7.589214 6.086188 7.527219 6.469235 8.036865 8.879940 11.595578 15.088318 18.588916 19.144361 22.369615 14.887460 14.897107 16.042930 16.820717 12.141147 15.936283 12.788000 12.815094 14.229153 12.649452 13.389737 16.519053 20.348525 35.767277 32.832352 26.513598 23.315469 23.066449 20.342170 18.533400 16.254838 19.055000 20.166928 16.557100 18.907406 18.416264 18.816109
36.855094 25.043564 18.394695 14.177729 14.135317 30.193746 20.998416 10.072435 9.452979 7.922399 11.228763 20.563150 24.545164 28.853033 22.153195 17.444365 13.200988 12.444428 8.931958 7.079521 5.144993 4.048983 0.000000 4.492729 4.861066 7.562294 8.065951 18.386674 22.716246 20.571488 19.477875 14.472384 11.468550 9.488159 10.332972 8.939662 9.517913 9.628860 11.734804 14.076122 17.504023 17.564055 26.418285 18.909715 18.859047 19.920623 20.530076 15.669970 19.207799 15.895450 15.778126 17.060963 14.961598 14.378340 16.937695 19.742773 39.792309 36.874434 30.534316 27.291635 26.918186 24.010770 21.781609 19.339541 22.087828 23.114920 19.277518 21.424604 20.538213 20.682828
40.890227 28.176488 21.352002 17.804729 18.056836 34.684664 25.459879 14.019809 13.929983 11.662836 13.131900 22.034695 25.487600 30.378109 22.956373 18.596482 14.100715 12.636184 10.457469 10.187523 6.475226 4.706673 4.492729 0.000000 1.457857 5.083068 6.105849 16.115479 23.080016 20.256785 18.540582 13.549187 9.485312 6.786020 6.779891 5.249503 5.153046 5.136491 7.385080 10.428655 13.931100 14.437702 25.029625 17.171596 16.771625 17.493734 17.666434 12.637056 15.699971 12.301916 12.045006 13.175654 10.782242 9.887140 12.548005 15.835912 38.683195 35.573543 28.578230 25.099639 24.279629 20.995543 18.194129 15.626992 18.277420 19.217184 15.262238 17.253451 16.196540 16.263676
41.647965 29.279373 22.486838 18.726740 18.855354 34.823480 25.800521 14.793389 14.052423 11.219898 12.053642 20.792096 24.151123 29.120293 24.393021 20.002625 15.514090 14.084479 11.783188 11.215515 7.750230 5.992426 4.861066 1.457857 0.000000 3.646906 4.649368 14.735047 24.533738 21.712145 19.973117 14.992716 10.864355 8.094610 7.837218 6.306011 5.660715 5.171271 6.917984 9.392536 12.877501 13.227110 26.412652 18.533252 18.084211 18.739932 18.807029 13.768791 16.632568 13.230367 12.908519 13.939814 11.358470 9.801797 12.124563 14.957938 40.080527 36.953578 29.877789 26.364932 25.450738 22.075160 19.073689 16.464160 19.043246 19.926201 15.920733 17.773381 16.537699 16.478492
44.253934 32.539123 25.814217 21.739795 21.657725 36.138426 27.636900 17.606566 15.651409 11.647222 10.478175 18.358049 21.305838 26.559775 28.037563 23.645182 19.159520 17.718115 15.375423 14.470282 11.317087 9.581640 7.562294 5.083068 3.646906 0.000000 1.186836 11.134567 28.153350 25.253238 23.394363 18.473307 14.156721 11.264977 10.506154 9.073836 7.521143 6.211319 6.326875 6.792109 10.072814 10.001944 29.637490 21.717555 21.128303 21.596342 21.385186 16.401088 18.725562 15.397386 14.935591 15.701094 12.796928 9.796240 11.067374 12.564056 43.335219 40.149195 32.828105 29.227107 28.053682 24.460693 20.991398 18.329484 20.680674 21.407035 17.370039 18.836793 17.199982 16.832846
44.479980 33.108922 26.436238 22.201514 22.021291 35.886000 27.589900 17.996453 15.595346 11.270478 9.544291 17.215441 20.123113 25.396100 29.016217 24.570895 20.101615 18.727824 16.225988 15.091727 12.157820 10.453184 8.065951 6.105849 4.649368 1.186836 0.000000 10.371356 29.182049 26.339865 24.523355 19.582643 15.306344 12.426708 11.692675 10.257231 8.694344 7.342294 7.200356 6.926200 9.998295 9.649063 30.803682 22.886164 22.307971 22.782664 22.568729 17.587158 19.882850 16.564652 16.093638 16.833527 13.904734 10.703867 11.690145 12.662010 44.499453 41.320109 34.013402 30.413758 29.236643 25.634283 22.129799 19.466734 21.788182 22.492889 18.461559 19.867562 18.168504 17.743807
54.004996 43.404172 36.780977 32.384391 32.036434 43.412070 36.277676 28.092877 24.604813 19.353344 14.421640 16.553102 16.951201 22.846475 38.983801 34.706617 30.205846 28.621916 26.506598 25.447811 22.451326 20.711330 18.386674 16.115479 14.735047 11.134567 10.371356 0.000000 38.934180 35.749387 33.556980 28.888922 24.287824 21.351623 19.906740 18.820057 16.489037 14.729745 12.443380 7.822094 6.530854 4.153462 39.136121 31.312557 30.410648 30.418289 29.573643 25.080979 26.038795 23.252424 22.575461 22.686211 19.679055 14.843159 12.967079 9.059688 52.727473 49.394816 41.496332 37.758539 35.955418 31.999574 27.677445 25.181734 26.736518 27.004621 23.422104 23.761547 21.438967 20.385150
33.538535 17.108715 13.698413 17.348551 19.281986 38.640437 29.148107 19.165070 25.619006 28.692695 33.719535 43.030590 47.196004 51.151082 2.267925 6.095217 9.561428 10.470021 13.916771 17.193836 17.595338 19.034482 22.716246 23.080016 24.533738 28.153350 29.182049 38.934180 0.000000 4.110708 7.207722 10.326944 15.001771 17.793859 19.651799 20.377436 22.893770 24.601350 27.392689 32.000709 35.203141 36.480898 9.944256 10.795855 12.350453 13.899812 16.197421 16.852377 19.525619 19.457734 20.178082 21.309064 22.747783 26.937189 30.508842 35.884762 19.123006 17.140008 15.209518 14.635008 17.014973 18.025180 20.810168 20.818152 22.494561 23.636600 22.909277 25.199594 26.631398 27.886586
36.481879 20.024148 15.475052 18.010307 19.873023 39.923934 30.116230 18.898830 24.910145 27.260105 31.775369 41.120508 45.098414 49.371125 5.763970 6.735571 8.186304 8.154445 12.311255 16.032055 15.446940 16.652512 20.571488 20.256785 21.712145 25.253238 26.339865 35.749387 4.110708 0.000000 3.098001 6.860699 11.510357 14.414563 16.097826 16.980967 19.439668 21.182676 23.884551 28.571689 31.669084 33.073656 7.719187 6.688736 8.243859 9.824704 12.127411 12.830948 15.415166 15.435400 16.168195 17.254887 18.820686 23.169342 26.706574 32.178080 19.549727 16.982945 13.054146 11.631939 13.609998 14.149250 16.726135 16.709164 18.399182 19.551104 18.810941 21.089969 22.544061 23.813107
38.904238 22.528387 17.422381 19.180979 20.944770 41.230031 31.280637 19.384732 24.919834 26.654793 30.692881 39.998230 43.801625 48.316012 8.779234 8.667476 8.523091 7.608600 12.026792 15.923304 14.503720 15.446527 19.477875 18.540582 19.973117 23.394363 24.523355 33.556980 7.207722 3.098001 0.000000 5.044721 9.301801 12.247714 13.697230 14.740104 17.101240 18.861561 21.449021 26.185318 29.168088 30.687273 7.128283 3.591851 5.146988 6.761010 9.064173 9.883225 12.321261 12.474017 13.220489 14.246066 15.964054 20.469678 23.957260 29.508770 20.322092 17.412762 12.016055 9.817234 11.280661 11.291375 13.644827 13.619370 15.308362 16.467490 15.739188 17.998184 19.486033 20.772088
37.956812 22.122047 16.015880 16.335591 17.880717 38.148848 28.108939 15.600970 20.522445 21.810129 25.669818 34.963883 38.756980 43.288090 10.991396 8.384337 5.623227 3.621732 7.735066 11.611336 9.591102 10.429272 14.472384 13.549187 14.992716 18.473307 19.582643 28.888922 10.326944 6.860699 5.044721 0.000000 4.689256 7.559705 9.330107 10.134143 12.616828 14.348250 17.094078 21.747408 24.899201 26.244182 11.964695 5.064217 5.798017 7.523713 9.356564 7.413783 11.087361 9.867261 10.493354 11.843752 12.713849 16.650828 20.239430 25.563377 25.357406 22.403096 16.391967 13.548519 14.079170 12.601936 13.176303 12.167031 14.532390 15.784830 13.852700 16.377269 17.303514 18.397822
40.316074 25.176025 18.595891 17.535396 18.727227 38.403090 28.435734 15.613209 19.176457 19.298318 22.288963 31.414607 34.965918 39.767039 15.534622 12.292038 8.380170 6.042447 7.922846 11.059274 7.535180 7.589214 11.468550 9.485312 10.864355 14.156721 15.306344 24.287824 15.001771 11.510357 9.301801 4.689256 0.000000 2.946386 4.651841 5.477275 7.932990 9.672479 12.404824 17.065762 20.210613 21.565713 15.548538 7.693327 7.427598 8.461470 9.299336 5.056993 9.149556 6.703436 7.104338 8.613938 8.634060 12.100753 15.702408 20.925152 29.220426 26.090727 19.207570 15.857841 15.479420 12.837168 11.670069 9.839593 12.575747 13.798008 10.913388 13.486043 13.873323 14.765987
41.250461 26.695156 19.934059 18.070875 19.005273 38.002016 28.182889 15.489416 18.046289 17.410316 19.829980 28.818217 32.245547 37.163414 18.175758 14.569934 10.315011 8.149812 8.595663 10.868976 6.710179 6.086188 9.488159 6.786020 8.094610 11.264977 12.426708 21.351623 17.793859 14.414563 12.247714 7.559705 2.946386 0.000000 2.221754 2.584003 5.107887 6.808032 9.619622 14.209396 17.426568 18.697844 18.378693 10.468046 9.991800 10.731178 11.089100 6.181818 9.855352 6.721224 6.808913 8.276548 7.258064 9.765356 13.337627 18.321873 32.072834 28.903932 21.793988 18.318473 17.604559 14.538099 12.451784 10.179718 12.983772 14.114143 10.637567 13.090932 12.950200 13.599040
43.376223 28.911910 22.141180 20.138998 20.994031 39.645262 29.925215 17.361078 19.373848 18.148449 19.873645 28.585174 31.773041 36.887727 20.163787 16.710377 12.510248 10.306392 10.758816 12.776027 8.487405 7.527219 10.332972 6.779891 7.837218 10.506154 11.692675 19.906740 19.651799 16.097826 13.697230 9.330107 4.651841 2.221754 0.000000 1.535427 3.417808 5.178504 7.787142 12.496711 15.577266 17.001047 19.354201 11.455462 10.703929 11.090547 10.983512 5.950005 8.959197 5.588960 5.445622 6.768000 5.222740 7.584191 11.173666 16.286448 33.037289 29.786016 22.327811 18.721273 17.643059 14.240740 11.496827 9.010282 11.755652 12.797663 9.057550 11.380262 10.989037 11.537059
42.833344 28.715000 21.888783 19.528926 20.263369 38.547992 28.916256 16.510947 18.124314 16.691023 18.338402 27.069699 30.296342 35.379648 20.736375 17.026252 12.679771 10.607591 10.415291 11.999632 7.655190 6.469235 8.939662 5.249503 6.306011 9.073836 10.257231 18.820057 20.377436 16.980967 14.740104 10.134143 5.477275 2.584003 1.535427 0.000000 2.541773 4.224074 7.053633 11.625447 14.852793 16.115119 20.641826 12.720119 12.062608 12.542632 12.505004 7.467626 10.464767 7.077180 6.877410 8.122606 6.200267 7.544967 11.034254 15.828040 34.339914 31.118037 23.759590 20.179283 19.157906 15.775401 12.983746 10.460341 13.173463 14.180227 10.347464 12.567935 11.952765 12.355032
44.775207 30.994242 24.143242 21.461291 22.043898 39.636418 30.213121 18.156121 18.958242 16.779350 17.526082 25.851578 28.808154 34.078246 23.276230 19.551023 15.177339 13.137718 12.673739 13.807525 9.500959 8.036865 9.517913 5.153046 5.660715 7.521143 8.694344 16.489037 22.893770 19.439668 17.101240 12.616828 7.932990 5.107887 3.417808 2.541773 0.000000 1.761626 4.513540 9.132873 12.318685 13.633991 22.731705 14.853031 14.042845 14.288869 13.907520 8.989404 11.232845 7.881011 7.447382 8.344401 5.698775 5.374070 8.694628 13.307450 36.396965 33.122449 25.530768 21.871316 20.565949 16.940105 13.570830 10.925446 13.428038 14.279993 10.264073 12.136792 11.047652 11.166693
45.641125 32.207889 25.345098 22.376975 22.829783 39.816867 30.579129 18.860773 19.052529 16.379305 16.521873 24.557734 27.361355 32.720135 24.935814 21.114574 16.694688 14.724796 13.935745 14.685353 10.486440 8.879940 9.628860 5.136491 5.171271 6.211319 7.342294 14.729745 24.601350 21.182676 18.861561 14.348250 9.672479 6.808032 5.178504 4.224074 1.761626 0.000000 2.917862 7.402089 10.652031 11.895939 24.466387 16.600201 15.764084 15.952150 15.463598 10.622873 12.565575 9.297817 8.784360 9.491981 6.599205 4.751719 7.642011 11.823240 38.119570 34.833211 27.179256 23.499414 22.095371 18.387375 14.787571 12.124450 14.477213 15.231692 11.190325 12.805691 11.414994 11.309829
48.237422 35.049617 28.186299 25.049496 25.401045 41.705551 32.715049 21.383283 20.950834 17.657393 16.744088 24.005582 26.379816 31.946568 27.789625 24.021457 19.609887 17.622240 16.816605 17.364992 13.262043 11.595578 11.734804 7.385080 6.917984 6.326875 7.200356 12.443380 27.392689 23.884551 21.449021 17.094078 12.404824 9.619622 7.787142 7.053633 4.513540 2.917862 0.000000 4.757059 7.810801 9.244655 26.728521 18.969271 18.002131 17.974979 17.188973 12.638770 13.848641 10.869220 10.227268 10.548186 7.487337 3.509040 5.207357 8.911457 40.289047 36.951867 29.081932 25.354014 23.680777 19.807523 15.777483 13.157641 15.151269 15.703384 11.761257 12.853262 11.015199 10.544322
50.922336 38.605145 31.777500 28.117750 28.198955 42.812199 34.425793 24.133100 22.435432 18.184738 15.580377 21.327684 23.047055 28.815768 32.295746 28.344709 23.871115 22.014438 20.692385 20.586182 16.845234 15.088318 14.076122 10.428655 9.392536 6.792109 6.926200 7.822094 32.000709 28.571689 26.185318 21.747408 17.065762 14.209396 12.496711 11.625447 9.132873 7.402089 4.757059 0.000000 3.502714 4.504482 31.466566 23.725082 22.743434 22.661957 21.760236 17.346195 18.222475 15.443496 14.759249 14.871706 11.857446 7.066444 5.942336 5.772532 44.994020 41.641328 33.690059 29.948623 28.135143 24.187205 19.917865 17.388994 19.058689 19.417709 15.703832 16.274846 14.079421 13.209195
54.313555 42.107535 35.280160 31.593072 31.638613 45.725238 37.586453 27.574180 25.593131 21.065611 17.715764 22.164443 23.192018 29.072242 35.585383 31.728686 27.273807 25.363145 24.172756 24.082051 20.344133 18.588916 17.504023 13.931100 12.877501 10.072814 9.998295 6.530854 35.203141 31.669084 29.168088 24.899201 20.210613 17.426568 15.577266 14.852793 12.318685 10.652031 7.810801 3.502714 0.000000 2.377445 34.106613 26.518406 25.433725 25.174287 24.047061 19.958979 20.277090 17.826885 17.095555 16.947721 14.091488 9.127622 6.608915 3.055364 47.475434 44.082445 35.963813 32.214250 30.176832 26.159965 21.665428 19.293939 20.581936 20.743861 17.362520 17.442354 15.062957 13.941463
54.123039 42.480609 35.708246 31.740918 31.641080 44.798754 36.994574 27.598504 25.054016 20.228314 16.302886 20.063660 20.903258 26.792799 36.735648 32.704852 28.213289 26.420648 24.861713 24.398980 20.912895 19.144361 17.564055 14.437702 13.227110 10.001944 9.649063 4.153462 36.480898 33.073656 30.687273 26.244182 21.565713 18.697844 17.001047 16.115119 13.633991 11.895939 9.244655 4.504482 2.377445 0.000000 35.889844 28.191803 27.177840 27.026203 26.012023 21.744414 22.331730 19.731852 19.020865 18.983779 16.050094 11.111072 8.897583 5.088217 49.359695 45.987527 37.947996 34.199109 32.253260 28.256590 23.827500 21.399789 22.802555 23.009320 19.538166 19.730098 17.373555 16.281265
43.482781 27.044801 23.080957 25.709893 27.556588 47.643000 37.825734 26.343070 32.028570 33.741734 37.576516 46.825660 50.487602 55.168207 12.200021 14.433041 15.463896 14.733978 19.148414 23.035533 21.545443 22.369615 26.418285 25.029625 26.412652 29.637490 30.803682 39.136121 9.944256 7.719187 7.128283 11.964695 15.548538 18.378693 19.354201 20.641826 22.731705 24.466387 26.728521 31.466566 34.106613 35.889844 0.000000 7.924240 8.727238 9.003301 10.631415 14.152576 14.696785 16.358696 17.116928 17.625014 20.126436 25.032906 28.221373 33.927816 13.700449 10.544558 5.370927 5.084432 8.005974 10.561549 14.774168 15.985981 16.520900 17.370307 18.290305 19.927523 21.987693 23.414082
41.896520 25.657400 20.127996 21.139797 22.768713 43.086195 33.057621 20.647031 25.536670 26.526053 29.923514 39.093984 42.657305 47.445902 12.342343 11.626519 10.263138 8.599104 12.798670 16.665176 14.331115 14.887460 18.909715 17.171596 18.533252 21.717555 22.886164 31.312557 10.795855 6.688736 3.591851 5.064217 7.693327 10.468046 11.455462 12.720119 14.853031 16.600201 18.969271 23.725082 26.518406 28.191803 7.924240 0.000000 1.555173 3.246602 5.527777 6.710744 8.751837 9.215896 9.980703 10.869145 12.864927 17.588035 20.967861 26.610535 21.624646 18.436158 11.626263 8.546236 9.052999 8.123712 10.067939 10.060979 11.719906 12.886392 12.221559 14.431130 15.990369 17.306812
43.213895 27.042346 21.373307 22.105814 23.674170 43.946293 33.905859 21.347428 25.941797 26.608346 29.706656 38.786813 42.234867 47.136758 13.888429 13.001433 11.282119 9.418510 13.409129 17.198861 14.521384 14.897107 18.859047 16.771625 18.084211 21.128303 22.307971 30.410648 12.350453 8.243859 5.146988 5.798017 7.427598 9.991800 10.703929 12.062608 14.042845 15.764084 18.002131 22.743434 25.433725 27.177840 8.727238 1.555173 0.000000 1.827988 4.031118 5.490912 7.211325 7.888426 8.657370 9.450709 11.603712 16.418789 19.728080 25.402541 22.355668 19.084309 11.810027 8.435004 8.399240 6.890945 8.524789 8.526707 10.167727 11.339293 10.710574 12.889177 14.487975 15.820051
45.041480 28.859395 23.199354 23.857979 25.398910 45.637000 35.595000 22.969402 27.358438 27.758717 30.559047 39.522770 42.835938 47.858480 15.540148 14.818907 13.068292 11.141337 15.005352 18.730693 15.821703 16.042930 19.920623 17.493734 18.739932 21.596342 22.782664 30.418289 13.899812 9.824704 6.761010 7.523713 8.461470 10.731178 11.090547 12.542632 14.288869 15.952150 17.974979 22.661957 25.174287 27.026203 9.003301 3.246602 1.827988 0.000000 2.303670 5.348077 5.965406 7.368999 8.121727 8.647832 11.136399 16.067985 19.218857 24.926533 22.335781 18.980273 11.246499 7.636883 7.028088 5.090633 6.911855 7.297123 8.613935 9.738429 9.568916 11.564723 13.347720 14.728829
47.150172 31.041277 25.255869 25.630643 27.099182 47.226465 37.192687 24.458209 28.461947 28.441260 30.798311 39.568004 42.690922 47.864066 17.843018 17.004930 14.974540 12.912610 16.496971 20.077988 16.828436 16.820717 20.530076 17.666434 18.807029 21.385186 22.568729 29.573643 16.197421 12.127411 9.064173 9.356564 9.299336 11.089100 10.983512 12.505004 13.907520 15.463598 17.188973 21.760236 24.047061 26.012023 10.631415 5.527777 4.031118 2.303670 0.000000 5.038238 4.068060 6.323773 7.002106 7.163775 9.965147 14.924834 17.856447 23.558932 23.479215 20.062543 11.937348 8.190754 6.670104 3.538848 4.626754 5.356179 6.351955 7.450510 7.661079 9.452014 11.385698 12.800896
44.978004 29.424746 23.089963 22.485191 23.739643 43.456262 33.492684 20.670182 24.013332 23.592025 25.767971 34.534703 37.698078 42.837215 17.977037 15.797770 12.621958 10.289462 12.926814 16.108883 12.412679 12.141147 15.669970 12.637056 13.768791 16.401088 17.587158 25.080979 16.852377 12.830948 9.883225 7.413783 5.056993 6.181818 5.950005 7.467626 8.989404 10.622873 12.638770 17.346195 19.958979 21.744414 14.152576 6.710744 5.490912 5.348077 5.038238 0.000000 4.104202 2.605883 3.339559 4.499138 6.154349 10.927894 14.262125 19.921203 27.651826 24.314004 16.556447 12.883011 11.693054 8.386889 6.614108 4.922862 7.569437 8.809709 6.440442 8.979516 9.938275 11.104107
48.941563 33.209395 27.014471 26.578172 27.843367 47.524836 37.576711 24.755912 27.885609 27.081809 28.671730 37.078109 39.919906 45.277781 20.947613 19.360914 16.533205 14.243305 17.030797 20.178184 16.371002 15.936283 19.207799 15.699971 16.632568 18.725562 19.882850 26.038795 19.525619 15.415166 12.321261 11.087361 9.149556 9.855352 8.959197 10.464767 11.232845 12.565575 13.848641 18.222475 20.277090 22.331730 14.696785 8.751837 7.211325 5.965406 4.068060 4.104202 0.000000 3.403141 3.790032 3.353677 6.381943 11.226147 13.938980 19.614693 27.430910 23.997031 15.734553 11.997254 9.924688 5.969549 2.597165 1.332241 3.494902 4.748058 3.616757 5.679314 7.384878 8.777040
47.004262 31.677178 25.213600 24.206941 25.333074 44.675812 34.802965 22.027189 24.746707 23.735955 25.273039 33.731070 36.651324 41.957055 20.562258 18.233498 14.822508 12.462217 14.577922 17.406674 13.393939 12.788000 15.895450 12.301916 13.230367 15.397386 16.564652 23.252424 19.457734 15.435400 12.474017 9.867261 6.703436 6.721224 5.588960 7.077180 7.881011 9.297817 10.869220 15.443496 17.826885 19.731852 16.358696 9.215896 7.888426 7.368999 6.323773 2.605883 3.403141 0.000000 0.769010 1.986934 3.768271 8.706581 11.875810 17.574652 29.649799 26.263484 18.246568 14.506291 12.847004 9.089567 5.908682 3.469925 6.267000 7.394383 4.211665 6.787979 7.439214 8.544990
47.418914 32.188961 25.678705 24.528578 25.609453 44.810195 34.974156 22.232336 24.751281 23.568299 24.922773 33.288383 36.144887 41.489238 21.252887 18.836326 15.334158 12.971342 14.902326 17.606605 13.516851 12.815094 15.778126 12.045006 12.908519 14.935591 16.093638 22.575461 20.178082 16.168195 13.220489 10.493354 7.104338 6.808913 5.445622 6.877410 7.447382 8.784360 10.227268 14.759249 17.095555 19.020865 17.116928 9.980703 8.657370 8.121727 7.002106 3.339559 3.790032 0.769010 0.000000 1.520552 3.016626 7.969952 11.111742 16.812998 30.380123 26.988123 18.937537 15.192516 13.456858 9.635557 6.165231 3.585777 6.310034 7.367938 3.875352 6.415033 6.857888 7.905074
48.930008 33.655242 27.171043 26.048920 27.125264 46.273902 36.457059 23.730838 26.134119 24.780959 25.869705 34.048527 36.759434 42.187906 22.473076 20.215873 16.799260 14.437645 16.422867 19.104830 14.986219 14.229153 17.060963 13.175654 13.939814 15.701094 16.833527 22.686211 21.309064 17.254887 14.246066 11.843752 8.613938 8.276548 6.768000 8.122606 8.344401 9.491981 10.548186 14.871706 16.947721 18.983779 17.625014 10.869145 9.450709 8.647832 7.163775 4.499138 3.353677 1.986934 1.520552 0.000000 3.060864 7.874891 10.692678 16.396201 30.641889 27.221645 19.025059 15.277866 13.277670 9.315665 5.303377 2.642128 5.106533 6.060634 2.366731 4.894550 5.459904 6.605359
48.502723 33.736113 27.057594 25.322518 26.210889 44.748102 35.094574 22.580172 24.281533 22.443484 23.100982 31.102225 33.738117 39.201230 23.664799 20.855539 17.008113 14.676455 15.838461 17.998766 13.702352 12.649452 14.961598 10.782242 11.358470 12.796928 13.904734 19.679055 22.747783 18.820686 15.964054 12.713849 8.634060 7.258064 5.222740 6.200267 5.698775 6.599205 7.487337 11.857446 14.091488 16.050094 20.126436 12.864927 11.603712 11.136399 9.965147 6.154349 6.381943 3.768271 3.016626 3.060864 0.000000 4.964013 8.125366 13.813581 33.388785 29.991674 21.898512 18.149277 16.278725 12.351255 8.322396 5.680356 7.884238 8.639837 4.600204 6.476691 5.775848 6.341086
50.148008 36.257961 29.425443 26.835225 27.399346 44.558895 35.326625 23.482105 23.788004 20.881307 20.244334 27.442963 29.670459 35.304406 27.614803 24.291301 20.080357 17.890572 17.946912 19.176230 14.875026 13.389737 14.378340 9.887140 9.801797 9.796240 10.703867 14.843159 26.937189 23.169342 20.469678 16.650828 12.100753 9.765356 7.584191 7.544967 5.374070 4.751719 3.509040 7.066444 9.127622 11.111072 25.032906 17.588035 16.418789 16.067985 14.924834 10.927894 11.226147 8.706581 7.969952 7.874891 4.964013 0.000000 3.601973 9.042248 38.349773 34.954965 26.852041 23.102156 21.150656 17.169600 12.851700 10.338665 12.021218 12.451111 8.649332 9.455500 7.522034 7.041406
53.281813 39.688082 32.837871 30.016467 30.463572 46.881789 37.922348 26.477670 26.143318 22.662432 21.040348 27.259187 28.950494 34.741902 31.211258 27.884018 23.648342 21.476822 21.366502 22.325963 18.099621 16.519053 16.937695 12.548005 12.124563 11.067374 11.690145 12.967079 30.508842 26.706574 23.957260 20.239430 15.702408 13.337627 11.173666 11.034254 8.694628 7.642011 5.207357 5.942336 6.608915 8.897583 28.221373 20.967861 19.728080 19.218857 17.856447 14.262125 13.938980 11.875810 11.111742 10.692678 8.125366 3.601973 0.000000 5.710866 41.333793 37.910953 29.673326 25.935523 23.750166 19.714109 15.138989 12.867074 13.994275 14.135112 10.833339 10.836949 8.477828 7.432303
56.594086 43.886539 37.028336 33.636820 33.813211 48.525895 40.198160 29.751180 28.206914 23.870654 20.738949 25.129010 25.962461 31.856260 36.450227 32.854160 28.481691 26.435189 25.713537 26.015840 22.063525 20.348525 19.742773 15.835912 14.957938 12.564056 12.662010 9.059688 35.884762 32.178080 29.508770 25.563377 20.925152 18.321873 16.286448 15.828040 13.307450 11.823240 8.911457 5.772532 3.055364 5.088217 33.927816 26.610535 25.402541 24.926533 23.558932 19.921203 19.614693 17.574652 16.812998 16.396201 13.813581 9.042248 5.710866 0.000000 47.031234 43.604285 35.340098 31.609908 29.355771 25.315127 20.675385 18.505980 19.409631 19.397322 16.395029 16.043344 13.593325 12.318055
49.252945 34.014512 32.431650 36.463113 38.398461 57.315543 48.109797 38.141715 44.385156 46.776246 51.013305 60.319859 64.086293 68.637523 20.985078 25.146197 27.708582 27.597535 31.854191 35.573285 34.767418 35.767277 39.792309 38.683195 40.080527 43.335219 44.499453 52.727473 19.123006 19.549727 20.322092 25.357406 29.220426 32.072834 33.037289 34.339914 36.396965 38.119570 40.289047 44.994020 47.475434 49.359695 13.700449 21.624646 22.355668 22.335781 23.479215 27.651826 27.430910 29.649799 30.380123 30.641889 33.388785 38.349773 41.333793 47.031234 0.000000 3.450027 11.864724 15.491166 18.128457 22.037777 26.750902 28.595688 28.326820 28.830557 30.820102 31.914314 34.236691 35.679492
48.673133 32.969527 30.744912 34.433512 36.357535 55.710211 46.287449 35.810480 41.892605 44.026777 48.068207 57.341723 61.030152 65.677414 19.176004 22.987287 25.166920 24.857486 29.192336 32.986816 31.915072 32.832352 36.874434 35.573543 36.953578 40.149195 41.320109 49.394816 17.140008 16.982945 17.412762 22.403096 26.090727 28.903932 29.786016 31.118037 33.122449 34.833211 36.951867 41.641328 44.082445 45.987527 10.544558 18.436158 19.084309 18.980273 20.062543 24.314004 23.997031 26.263484 26.988123 27.221645 29.991674 34.954965 37.910953 43.604285 3.450027 0.000000 8.417995 12.043642 14.687357 18.588129 23.300885 25.154572 24.878650 25.390404 27.374379 28.465738 30.786682 32.229521
48.710711 32.313227 28.451639 30.982701 32.806539 52.962781 43.107031 31.400006 36.835859 38.129020 41.495922 50.596730 54.020113 58.946785 17.476637 19.784582 20.526939 19.530260 23.938297 27.851332 25.910252 26.513598 30.534316 28.578230 29.877789 32.828105 34.013402 41.496332 15.209518 13.054146 12.016055 16.391967 19.207570 21.793988 22.327811 23.759590 25.530768 27.179256 29.081932 33.690059 35.963813 37.947996 5.370927 11.626263 11.810027 11.246499 11.937348 16.556447 15.734553 18.246568 18.937537 19.025059 21.898512 26.852041 29.673326 35.340098 11.864724 8.417995 0.000000 3.749923 6.277109 10.179967 14.899062 16.840691 16.462473 16.977602 19.023125 20.050432 22.382309 23.823539
48.035754 31.563689 27.046973 28.993135 30.740902 51.042812 41.078820 28.971732 34.066543 35.009824 38.112750 47.134324 50.472582 55.475926 16.827602 18.250447 18.239229 16.930430 21.256936 25.152848 22.853801 23.315469 27.291635 25.099639 26.364932 29.227107 30.413758 37.758539 14.635008 11.631939 9.817234 13.548519 15.857841 18.318473 18.721273 20.179283 21.871316 23.499414 25.354014 29.948623 32.214250 34.199109 5.084432 8.546236 8.435004 7.636883 8.190754 12.883011 11.997254 14.506291 15.192516 15.277866 18.149277 23.102156 25.935523 31.609908 15.491166 12.043642 3.749923 0.000000 3.109490 6.604460 11.283085 13.123855 12.906190 13.521101 15.331771 16.478988 18.764518 20.209125
50.075277 33.629883 28.702414 30.140588 31.800666 52.126730 42.103754 29.680137 34.330094 34.776910 37.403098 46.227187 49.359504 54.529578 19.120736 19.939916 19.265438 17.649617 21.779350 25.593182 22.838885 23.066449 26.918186 24.279629 25.450738 28.053682 29.236643 35.955418 17.014973 13.609998 11.280661 14.079170 15.479420 17.604559 17.643059 19.157906 20.565949 22.095371 23.680777 28.135143 30.176832 32.253260 8.005974 9.052999 8.399240 7.028088 6.670104 11.693054 9.924688 12.847004 13.456858 13.277670 16.278725 21.150656 23.750166 29.355771 18.128457 14.687357 6.277109 3.109490 0.000000 4.040656 8.732263 10.890646 10.227429 10.703054 12.963736 13.815127 16.181354 17.615797
50.018156 33.744523 28.237434 28.936848 30.457717 50.654141 40.614152 27.922156 32.000359 31.929752 34.112988 42.753141 45.736855 51.010121 19.904629 19.735625 18.158895 16.211122 19.952121 23.581541 20.367260 20.342170 24.010770 20.995543 22.075160 24.460693 25.634283 31.999574 18.025180 14.149250 11.291375 12.601936 12.837168 14.538099 14.240740 15.775401 16.940105 18.387375 19.807523 24.187205 26.159965 28.256590 10.561549 8.123712 6.890945 5.090633 3.538848 8.386889 5.969549 9.089567 9.635557 9.315665 12.351255 17.169600 19.714109 25.315127 22.037777 18.588129 10.179967 6.604460 4.040656 0.000000 4.721493 6.866101 6.303583 6.944986 8.923650 9.883275 12.202361 13.643662
51.129562 35.228816 29.187262 28.988252 30.299596 50.070098 40.105316 27.282807 30.482336 29.640104 31.079219 39.345160 42.056141 47.491230 22.410281 21.259539 18.735035 16.499861 19.498020 22.722236 18.957039 18.533400 21.781609 18.194129 19.073689 20.991398 22.129799 27.677445 20.810168 16.726135 13.644827 13.176303 11.670069 12.451784 11.496827 12.983746 13.570830 14.787571 15.777483 19.917865 21.665428 23.827500 14.774168 10.067939 8.524789 6.911855 4.626754 6.614108 2.597165 5.908682 6.165231 5.303377 8.322396 12.851700 15.138989 20.675385 26.750902 23.300885 14.899062 11.283085 8.732263 4.721493 0.000000 2.663468 1.762809 2.826603 4.306791 5.216181 7.485850 8.929189
49.897355 34.272406 27.997248 27.360256 28.566006 48.075250 38.169844 25.366746 28.214998 27.149467 28.445430 36.682160 39.400816 44.828613 22.207916 20.496791 17.519564 15.199920 17.761574 20.760297 16.821906 16.254838 19.339541 15.626992 16.464160 18.329484 19.466734 25.181734 20.818152 16.709164 13.619370 12.167031 9.839593 10.179718 9.010282 10.460341 10.925446 12.124450 13.157641 17.388994 19.293939 21.399789 15.985981 10.060979 8.526707 7.297123 5.356179 4.922862 1.332241 3.469925 3.585777 2.642128 5.680356 10.338665 12.867074 18.505980 28.595688 25.154572 16.840691 13.123855 10.890646 6.866101 2.663468 0.000000 2.805856 3.978246 2.304913 4.382887 6.056667 7.455822
52.427516 36.644172 30.494957 30.054625 31.296957 50.870820 40.954754 28.144465 31.013160 29.859539 30.939404 38.976770 41.524652 47.042836 24.052496 22.734707 20.016338 17.734357 20.484662 23.545020 19.626504 19.055000 22.087828 18.277420 19.043246 20.680674 21.788182 26.736518 22.494561 18.399182 15.308362 14.532390 12.575747 12.983772 11.755652 13.173463 13.428038 14.477213 15.151269 19.058689 20.581936 22.802555 16.520900 11.719906 10.167727 8.613935 6.351955 7.569437 3.494902 6.267000 6.310034 5.106533 7.884238 12.021218 13.994275 19.409631 28.326820 24.878650 16.462473 12.906190 10.227429 6.303583 1.762809 2.805856 0.000000 1.255631 3.391527 3.588922 5.972419 7.396686
53.683137 37.893301 31.750498 31.292906 32.523924 52.049520 42.147973 29.344621 32.114852 30.839113 31.740785 39.636152 42.076621 47.645105 25.227578 23.973189 21.271969 18.989420 21.713547 24.738520 20.783324 20.166928 23.114920 19.217184 19.926201 21.407035 22.492889 27.004621 23.636600 19.551104 16.467490 15.784830 13.798008 14.114143 12.797663 14.180227 14.279993 15.231692 15.703384 19.417709 20.743861 23.009320 17.370307 12.886392 11.339293 9.738429 7.450510 8.809709 4.748058 7.394383 7.367938 6.060634 8.639837 12.451111 14.135112 19.397322 28.830557 25.390404 16.977602 13.521101 10.703054 6.944986 2.826603 3.978246 1.255631 0.000000 4.041445 3.355545 5.812038 7.164649
51.214609 35.826977 29.406904 28.393049 29.484346 48.627215 38.820090 26.097549 28.430027 26.914102 27.700703 35.625383 38.137660 43.668324 24.213648 22.235109 18.985602 16.631529 18.764137 21.471543 17.345357 16.557100 19.277518 15.262238 15.920733 17.370039 18.461559 23.422104 22.909277 18.810941 15.739188 13.852700 10.913388 10.637567 9.057550 10.347464 10.264073 11.190325 11.761257 15.703832 17.362520 19.538166 18.290305 12.221559 10.710574 9.568916 7.661079 6.440442 3.616757 4.211665 3.875352 2.366731 4.600204 8.649332 10.833339 16.395029 30.820102 27.374379 19.023125 15.331771 12.963736 8.923650 4.306791 2.304913 3.391527 4.041445 0.000000 2.578543 3.784981 5.161628
53.792133 38.391383 31.984104 30.943412 32.010836 51.020734 41.259031 28.577291 30.692227 28.909738 29.284418 36.858840 39.120730 44.759012 26.585244 24.750943 21.556629 19.204613 21.317316 23.953389 19.778338 18.907406 21.424604 17.253451 17.773381 18.836793 19.867562 23.761547 25.199594 21.089969 17.998184 16.377269 13.486043 13.090932 11.380262 12.567935 12.136792 12.805691 12.853262 16.274846 17.442354 19.730098 19.927523 14.431130 12.889177 11.564723 9.452014 8.979516 5.679314 6.787979 6.415033 4.894550 6.476691 9.455500 10.836949 16.043344 31.914314 28.465738 20.050432 16.478988 13.815127 9.883275 5.216181 4.382887 3.588922 3.355545 2.578543 0.000000 2.457541 3.837518
54.097895 39.026910 32.467719 31.011146 31.949230 50.488113 40.864562 28.350109 29.937672 27.754191 27.678016 34.948859 37.049785 42.742523 27.874715 25.672676 22.178969 19.816570 21.453471 23.759740 19.474871 18.416264 20.538213 16.196540 16.537699 17.199982 18.168504 21.438967 26.631398 22.544061 19.486033 17.303514 13.873323 12.950200 10.989037 11.952765 11.047652 11.414994 11.015199 14.079421 15.062957 17.373555 21.987693 15.990369 14.487975 13.347720 11.385698 9.938275 7.384878 7.439214 6.857888 5.459904 5.775848 7.522034 8.477828 13.593325 34.236691 30.786682 22.382309 18.764518 16.181354 12.202361 7.485850 6.056667 5.972419 5.812038 3.784981 2.457541 0.000000 1.445117
54.838145 39.941668 33.321695 31.661693 32.529295 50.772801 41.242328 28.850209 30.124578 27.688084 27.285576 34.293363 36.246629 41.983992 29.077773 26.736305 23.124729 20.767723 22.172488 24.295410 19.973482 18.816109 20.682828 16.263676 16.478492 16.832846 17.743807 20.385150 27.886586 23.813107 20.772088 18.397822 14.765987 13.599040 11.537059 12.355032 11.166693 11.309829 10.544322 13.209195 13.941463 16.281265 23.414082 17.306812 15.820051 14.728829 12.800896 11.104107 8.777040 8.544990 7.905074 6.605359 6.341086 7.041406 7.432303 12.318055 35.679492 32.229521 23.823539 20.209125 17.615797 13.643662 8.929189 7.455822 7.396686 7.164649 5.161628 3.837518 1.445117 0.000000
